time,thrust,rate_sp.x,rate_sp.y,rate_sp.z,tau_sp.x,tau_sp.y,tau_sp.z,m.1,m.2,m.3,m.4
5,0,0,0,0,2.66059e-05,1.06494e-06,1.97786e-06,-0.230606,0.56632,-0.167855,-0.167859
10,0,0,5.88883e-07,1.06066,-5.06134e-05,-3.95624e-06,0.00753497,-0.183776,-0.151938,0.582249,-0.246535
15,0,0,3.78064e-06,1.06066,-1.2877e-05,-1.62551e-06,0.00752224,-0.183752,-0.151962,0.582216,-0.246502
20,0,0,4.88065e-06,1.06066,1.22037e-05,-1.11041e-06,0.00752515,0.151954,0.18376,0.246507,-0.582222
25,0,0,8.88173e-07,1.06066,-8.84235e-06,3.35975e-07,0.00752089,-0.582211,0.246496,0.183752,0.151962
30,0,0,-6.5757e-06,1.06066,2.3599e-05,2.94433e-06,0.00752998,-0.246522,0.582236,-0.151947,-0.183767
35,0,0,-2.51451e-05,1.06066,4.67763e-05,6.85117e-06,0.00753546,-0.246542,0.582256,-0.151942,-0.183772
40,0,0,-3.81129e-05,1.06066,-2.56834e-05,-2.89028e-06,0.00753243,-0.183773,-0.151941,0.582242,-0.246527
45,0,0,-3.57494e-05,1.06066,-5.33322e-06,9.73788e-07,0.00753535,-0.582244,0.24653,0.183783,0.151931
50,0,0,-4.0784e-05,1.06066,6.98582e-05,1.26519e-06,0.00752235,-0.246501,0.582216,-0.151961,-0.183753
55,0,0,-6.83723e-05,1.06066,7.85472e-05,3.86195e-06,0.00753095,-0.246526,0.58224,-0.151947,-0.183768
60,0,0,-9.42324e-05,1.06066,0.000108036,-1.01966e-05,0.00753618,0.151947,0.183767,0.24655,-0.582264
65,0,0,-8.32582e-05,1.06066,-2.41851e-05,2.32757e-06,0.00753672,-0.58225,0.246536,0.183784,0.151931
70,0,0,-1.46979e-05,1.06066,-0.000315842,9.25447e-07,0.00753751,-0.582249,0.246535,0.183788,0.151926
75,0,0,7.82911e-05,1.06066,-0.000355226,4.59785e-06,0.00753684,-0.582254,0.246541,0.183779,0.151934
80,0,0,0.000154964,1.06066,-0.000324926,6.19159e-06,0.00752124,-0.582222,0.246509,0.18374,0.151973
85,0,0,0.000174057,1.06066,0.000144927,1.05864e-06,0.0075296,-0.246517,0.582231,-0.151944,-0.18377
90,0,0,0.000118255,1.06066,0.00025985,5.95588e-06,0.00752552,-0.246518,0.582232,-0.151963,-0.183751
95,0,0,2.56337e-05,1.06066,0.00030499,1.82909e-06,0.00753675,-0.246535,0.582249,-0.151929,-0.183784
100,0,0,-5.86601e-05,1.06066,0.000233637,-6.60329e-06,0.00753477,0.151943,0.18377,0.24654,-0.582254
105,0,1.49699e-08,-8.46751e-05,1.06066,2.67698e-05,2.05389e-06,0.00753794,-0.246538,0.582252,-0.151927,-0.183787
110,0,9.86006e-06,1.35387e-05,1.06065,-0.000521353,-1.18119e-05,0.00752987,-0.183748,-0.151963,0.582252,-0.246541
115,0,3.95154e-05,0.000262619,1.06064,-0.000922087,-2.25721e-05,0.00752371,-0.183709,-0.151995,0.582256,-0.246551
120,0,7.04791e-05,0.000589431,1.06062,-0.00124265,-1.89314e-05,0.00751861,-0.183701,-0.151995,0.582233,-0.246537
125,0,0.000101438,0.000931299,1.0606,-0.00111207,-2.79506e-05,0.00751708,-0.183682,-0.152018,0.582249,-0.246549
130,0,0.000132393,0.00122907,1.06058,-0.000799627,-2.378e-05,0.00751896,-0.183698,-0.152009,0.582249,-0.246542
135,0,0.000163345,0.00142574,1.06056,-0.000390721,-1.69729e-05,0.00751072,-0.183695,-0.152017,0.582219,-0.246507
140,0,0.000194294,0.00146647,1.06054,0.000254136,-1.21873e-05,0.00751927,0.151989,0.183724,0.246516,-0.58223
145,0,0.000225244,0.00133432,1.06052,0.000912163,-7.77205e-06,0.00751025,0.151996,0.183708,0.246492,-0.582196
150,0,0.000256194,0.00109382,1.0605,0.00109561,-1.40344e-05,0.0075091,0.152009,0.183691,0.246504,-0.582204
155,0,0.000287147,0.000816287,1.06048,0.0011936,-1.70618e-05,0.00750831,0.152015,0.183682,0.246509,-0.582207
160,0,0.000313478,0.000564943,1.06046,0.00105008,-1.13146e-05,0.00750398,0.152016,0.183686,0.246486,-0.582188
165,0,0.00030769,0.000376842,1.06042,0.000559162,2.21497e-05,0.00747879,-0.246446,0.582157,-0.152098,-0.183612
170,0,0.000245225,0.000291213,1.06034,-8.30381e-05,7.3083e-05,0.00745745,-0.582211,0.246497,0.183466,0.152249
175,0,0.000137059,0.00034347,1.06024,-0.000730859,9.78537e-05,0.00744262,-0.582224,0.246516,0.18338,0.152328
180,0,1.93521e-05,0.000500482,1.06012,-0.00108029,9.33119e-05,0.00744308,-0.582212,0.246511,0.183386,0.152314
185,0,-9.83484e-05,0.000694935,1.06001,-0.00115148,9.58524e-05,0.00743677,-0.582202,0.246503,0.183366,0.152332
190,0,-0.000216043,0.000854263,1.0599,-0.00093134,0.000103058,0.00744213,-0.582231,0.246527,0.183367,0.152337
195,0,-0.000333555,0.000910097,1.05979,-0.000450532,9.5286e-05,0.00744109,-0.582217,0.246505,0.183384,0.152328
200,0,-0.000438256,0.000810239,1.05967,0.000240477,8.26878e-05,0.00742548,-0.246444,0.582158,-0.152339,-0.183374
205,0,-0.000505239,0.000558355,1.05953,0.000884279,4.17446e-05,0.00739901,-0.246308,0.582013,-0.152314,-0.183391
210,0,-0.000513968,0.000245247,1.05935,0.00124251,-1.51339e-05,0.00735697,0.152351,0.183345,0.246166,-0.581862
215,0,-0.000450144,-3.60832e-05,1.05913,0.00115591,-5.81024e-05,0.00732867,0.152501,0.183198,0.246186,-0.581884
220,0,-0.000342719,-0.000237228,1.05888,0.000976679,-9.32494e-05,0.00731002,0.152614,0.183089,0.246211,-0.581914
225,0,-0.000197468,-0.000291141,1.0586,0.000508369,-0.000125979,0.00729137,0.152725,0.182986,0.24623,-0.581941
230,0,-1.4238e-05,-0.000129413,1.0583,-0.000268211,-0.000161974,0.0072652,-0.182858,-0.152856,0.581955,-0.246241
235,0,0.000193827,0.000255866,1.05799,-0.00086998,-0.000162749,0.00726422,-0.18285,-0.152855,0.58195,-0.246245
240,0,0.000395949,0.00075706,1.05767,-0.00118359,-0.000145991,0.00724948,-0.182846,-0.152852,0.58188,-0.246182
245,0,0.000564577,0.00126293,1.05732,-0.00127159,-0.00010787,0.00722398,-0.182863,-0.152832,0.581746,-0.246051
250,0,0.000658631,0.00165449,1.05693,-0.000939261,-3.30834e-05,0.00718523,-0.182928,-0.152776,0.581516,-0.245812
255,0,0.000636611,0.0018177,1.05647,-0.000394658,7.95318e-05,0.00710736,-0.581438,0.245725,0.182667,0.153046
260,0,0.000481975,0.00166538,1.05593,0.000452276,0.000166219,0.0070479,-0.245764,0.581476,-0.15335,-0.182362
265,0,0.000230437,0.00120666,1.05533,0.00105266,0.000227699,0.00700073,-0.245786,0.581487,-0.153572,-0.18213
270,0,-6.97773e-05,0.000567772,1.05469,0.00144089,0.000258946,0.00698527,-0.245819,0.581509,-0.153662,-0.182028
275,0,-0.000378729,-0.000126168,1.05405,0.00145134,0.000242294,0.00697467,-0.245762,0.581452,-0.153653,-0.182037
280,0,-0.000686675,-0.000785335,1.05341,0.00120455,0.000234649,0.00697774,-0.24575,0.581447,-0.153635,-0.182063
285,0,-0.000977967,-0.00131969,1.05275,0.000680193,0.000217091,0.00695521,-0.245659,0.581368,-0.153656,-0.182053
290,0,-0.00121598,-0.00162427,1.05206,-8.83887e-05,0.000154726,0.00690871,-0.581144,0.245429,0.182075,0.153639
295,0,-0.00135889,-0.00163792,1.0513,-0.000834094,6.12384e-05,0.00685245,-0.58083,0.245123,0.182131,0.153576
300,0,-0.0013665,-0.00140137,1.05047,-0.00119089,-6.00238e-05,0.00677469,-0.181956,-0.153742,0.58065,-0.244952
305,0,-0.00122595,-0.000989889,1.04954,-0.00111715,-0.000159256,0.00669659,-0.181587,-0.154113,0.580673,-0.244973
310,0,-0.000979741,-0.000527658,1.04854,-0.000781941,-0.000217404,0.00664975,-0.181371,-0.154336,0.580688,-0.244981
315,0,-0.000656915,-0.000120098,1.0475,-0.000302712,-0.000272583,0.00659518,-0.181144,-0.154569,0.580679,-0.244966
320,0,-0.000264598,0.000153571,1.0464,0.000703591,-0.000325626,0.00655261,0.154766,0.180942,0.244979,-0.580688
325,0,0.00016461,0.000241503,1.04525,0.00135704,-0.000342882,0.00651408,0.154878,0.180815,0.244936,-0.580629
330,0,0.000570716,0.000171314,1.04406,0.00195137,-0.000313085,0.00646938,0.154906,0.180763,0.244789,-0.580459
335,0,0.000898478,-1.71129e-05,1.04282,0.00191879,-0.000230449,0.00642098,0.15485,0.180821,0.244518,-0.580189
340,0,0.00110771,-0.000275481,1.0415,0.00166079,-0.000131038,0.00633892,0.154841,0.180841,0.244134,-0.579816
345,0,0.00115892,-0.000559666,1.04008,0.00120394,9.94833e-06,0.0062469,-0.243684,0.579382,-0.154812,-0.180885
350,0,0.00103849,-0.000804491,1.03855,0.000257502,0.000141061,0.00614592,-0.243712,0.579426,-0.155302,-0.180412
355,0,0.000782851,-0.000900643,1.03693,-0.000934902,0.000243261,0.00608631,-0.579492,0.243788,0.180073,0.155631
360,0,0.000428539,-0.000791858,1.03523,-0.00194113,0.000306138,0.00601029,-0.579433,0.243763,0.179765,0.155905
365,0,3.22762e-05,-0.000512802,1.03347,-0.00260087,0.000321106,0.00596462,-0.579345,0.24371,0.179617,0.156018
370,0,-0.000354524,-0.000111238,1.03169,-0.00299296,0.000305257,0.00595284,-0.579275,0.243665,0.17961,0.155999
375,0,-0.000695258,0.000357662,1.02988,-0.00299054,0.0002605,0.00590681,-0.579085,0.243475,0.179598,0.156012
380,0,-0.00095206,0.000844716,1.02801,-0.00266377,0.00018619,0.00584764,-0.578819,0.243188,0.179626,0.156005
385,0,-0.00108609,0.00130588,1.02606,-0.00212428,6.85856e-05,0.00575984,-0.578409,0.242748,0.179681,0.15598
390,0,-0.00105899,0.00170048,1.02401,-0.0012351,-7.07596e-05,0.00566105,-0.179478,-0.156218,0.578215,-0.242519
395,0,-0.000860927,0.00196373,1.02185,4.56088e-05,-0.000187754,0.00556253,0.156673,0.179041,0.242526,-0.57824
400,0,-0.000552897,0.00201705,1.01958,0.00112694,-0.00026852,0.00548197,0.157001,0.178698,0.242518,-0.578217
405,0,-0.00019437,0.0018924,1.01726,0.00180479,-0.000283907,0.00544203,0.157107,0.178569,0.242473,-0.578149
410,0,0.000164084,0.00163832,1.01488,0.00219556,-0.000275562,0.00539418,0.157185,0.178472,0.242361,-0.578019
415,0,0.000495955,0.00131705,1.01248,0.00227518,-0.000253894,0.00535285,0.15723,0.178423,0.242231,-0.577884
420,0,0.000787023,0.00099507,1.01003,0.00212449,-0.000223461,0.00529986,0.157289,0.178372,0.242051,-0.577713
425,0,0.0010033,0.000719844,1.00752,0.00162353,-0.00014483,0.00523159,0.157293,0.178391,0.241737,-0.57742
430,0,0.00110818,0.000533528,1.00492,0.000754592,-4.02704e-05,0.00514628,0.157283,0.178425,0.241333,-0.577041
435,0,0.00106552,0.000475735,1.0022,-0.000238744,8.93787e-05,0.00502542,-0.576879,0.241166,0.178069,0.157644
440,0,0.000867404,0.000562653,0.999359,-0.00110591,0.00020596,0.00492774,-0.576892,0.241192,0.177621,0.158079
445,0,0.000566055,0.000759746,0.996418,-0.00174781,0.000273346,0.0048435,-0.576833,0.241155,0.177295,0.158383
450,0,0.000214215,0.00102435,0.993406,-0.00203847,0.000312594,0.00478723,-0.576783,0.241118,0.17709,0.158576
455,0,-0.000159484,0.00130157,0.990335,-0.00206146,0.000333468,0.00473316,-0.576708,0.241043,0.176931,0.158733
460,0,-0.000546795,0.00152785,0.987203,-0.00185352,0.000331574,0.00466693,-0.576567,0.240892,0.176797,0.158877
465,0,-0.000933618,0.00164772,0.984001,-0.00131884,0.000344238,0.00458285,-0.576421,0.240727,0.176602,0.159092
470,0,-0.0012855,0.00162135,0.980709,-0.000585441,0.000288289,0.00449088,-0.576121,0.240411,0.176524,0.159186
475,0,-0.00156465,0.00141323,0.977302,0.000453362,0.000219552,0.00439028,-0.240059,0.575771,-0.159266,-0.176446
480,0,-0.00172242,0.00103711,0.973766,0.00138441,8.77287e-05,0.00427663,-0.239565,0.575257,-0.159238,-0.176454
485,0,-0.00169322,0.000605955,0.9701,0.0017993,-9.01239e-05,0.00414814,0.159509,0.176167,0.239304,-0.57498
490,0,-0.00146284,0.00020429,0.966302,0.00209524,-0.000242457,0.0040469,0.160019,0.175644,0.239397,-0.575059
495,0,-0.00107772,-0.000126073,0.962406,0.00198619,-0.00037634,0.00396545,0.16046,0.175208,0.239487,-0.575155
500,0,-0.000578579,-0.000344146,0.958438,0.00159456,-0.000480671,0.00389592,0.160823,0.174861,0.239538,-0.575223
505,0,2.26136e-05,-0.000398872,0.954404,0.00113939,-0.000560345,0.00381962,0.161151,0.174548,0.239528,-0.575227
510,0,0.000716862,-0.000242265,0.950304,0.000405271,-0.000642416,0.00376038,0.161446,0.174266,0.23956,-0.575272
515,0,0.00147581,0.00016163,0.946121,-0.000576727,-0.000687298,0.00368341,-0.174013,-0.161698,0.575198,-0.239488
520,0,0.00224591,0.000795323,0.94184,-0.00154203,-0.000669772,0.0035865,-0.173831,-0.161855,0.574947,-0.23926
525,0,0.00294963,0.001544,0.937467,-0.00205864,-0.000590882,0.00350765,-0.173812,-0.161853,0.574612,-0.238948
530,0,0.00352033,0.00229901,0.933005,-0.00216892,-0.000467274,0.00342125,-0.173873,-0.161786,0.574182,-0.238523
535,0,0.00392009,0.00297408,0.928436,-0.0019771,-0.000292399,0.00331708,-0.174007,-0.161662,0.57362,-0.237952
540,0,0.00411741,0.00349554,0.923739,-0.00144302,-9.51534e-05,0.00319167,-0.174145,-0.161545,0.572978,-0.237288
545,0,0.00408227,0.00380003,0.918893,-0.000689753,0.000119278,0.0030417,-0.572721,0.237013,0.173793,0.161916
550,0,0.00381007,0.00383916,0.913891,0.000190818,0.000321337,0.00291052,-0.237137,0.572851,-0.162592,-0.173122
555,0,0.00335152,0.0036246,0.908769,0.00100949,0.000475016,0.00280259,-0.237223,0.572926,-0.163116,-0.172586
560,0,0.00276394,0.0032621,0.903563,0.00143286,0.000569916,0.00272782,-0.237263,0.572953,-0.163454,-0.172236
565,0,0.00209776,0.002855,0.898308,0.00143278,0.000632739,0.00267783,-0.237285,0.572975,-0.163683,-0.172007
570,0,0.00139661,0.00249268,0.893035,0.00111124,0.000662921,0.0026537,-0.23729,0.57299,-0.163798,-0.171902
575,0,0.000696696,0.00225176,0.887749,0.0004327,0.000655312,0.00261209,-0.237182,0.572895,-0.163875,-0.171837
580,0,2.674e-05,0.0021979,0.882426,-0.000523603,0.000626318,0.00256668,-0.572742,0.237031,0.1718,0.163911
585,0,-0.000581093,0.00234987,0.877056,-0.00127917,0.000564412,0.00251685,-0.572508,0.236813,0.171812,0.163883
590,0,-0.00109066,0.00263615,0.871627,-0.00169374,0.00047203,0.00243235,-0.572142,0.236461,0.171815,0.163866
595,0,-0.00147281,0.00297724,0.866116,-0.00175271,0.000339178,0.00234157,-0.571689,0.236011,0.17189,0.163788
600,0,-0.00169935,0.0032972,0.860498,-0.00160848,0.000167352,0.00224033,-0.571143,0.235459,0.172025,0.163659
605,0,-0.00174303,0.00352309,0.854748,-0.000964215,-2.47907e-05,0.00211249,-0.172054,-0.16365,0.570609,-0.234905
610,0,-0.00159942,0.00358238,0.848859,-0.00016129,-0.000184139,0.00199333,-0.1715,-0.164214,0.570684,-0.234971
615,0,-0.00131148,0.00340427,0.842868,0.000981997,-0.000319,0.00189118,0.164685,0.171018,0.235034,-0.570737
620,0,-0.000927526,0.00296739,0.836809,0.00217408,-0.000404852,0.0018327,0.164953,0.170706,0.235107,-0.570766
625,0,-0.000497539,0.00234392,0.830716,0.00292596,-0.00043202,0.00179964,0.165052,0.170562,0.235116,-0.57073
630,0,-6.47988e-05,0.0016141,0.824619,0.00321245,-0.00042439,0.00177386,0.165079,0.170514,0.235059,-0.570652
635,0,0.000346801,0.000851532,0.81853,0.00327184,-0.000417499,0.00174113,0.16513,0.170459,0.234981,-0.570569
640,0,0.000722223,0.000123631,0.812436,0.00304687,-0.00037464,0.00168877,0.16516,0.170446,0.23478,-0.570386
645,0,0.00103348,-0.000502811,0.80631,0.00248195,-0.000300847,0.0016384,0.165134,0.170508,0.234513,-0.570155
650,0,0.00125229,-0.000963307,0.800123,0.0016624,-0.00019956,0.00156268,0.165107,0.170575,0.234139,-0.56982
655,0,0.00135136,-0.00119553,0.793848,0.00068877,-6.04487e-05,0.00146746,0.165039,0.17067,0.233657,-0.569366
660,0,0.00130447,-0.00113902,0.787455,-0.000682276,9.85287e-05,0.00135131,-0.569206,0.233497,0.170359,0.165349
665,0,0.00110916,-0.000775369,0.780937,-0.00184108,0.000254607,0.00124618,-0.569285,0.23361,0.169821,0.165854
670,0,0.000811869,-0.000177977,0.774329,-0.00263197,0.000343615,0.00115185,-0.56925,0.233617,0.169433,0.1662
675,0,0.000459014,0.000571686,0.767666,-0.00316831,0.000401826,0.00109842,-0.56924,0.233643,0.169192,0.166405
680,0,8.67402e-05,0.00139802,0.760974,-0.00349579,0.000423203,0.0010453,-0.569163,0.233592,0.16903,0.166541
685,0,-0.000292774,0.00223983,0.754257,-0.00340472,0.000427505,0.000991919,-0.569068,0.233489,0.168917,0.166661
690,0,-0.000673786,0.00304359,0.747513,-0.00319922,0.000445037,0.000946062,-0.569018,0.233424,0.168798,0.166796
695,0,-0.0010433,0.00375553,0.74073,-0.00255002,0.000431157,0.000886769,-0.568894,0.233255,0.168729,0.166909
700,0,-0.00137471,0.00431602,0.733884,-0.00179994,0.000364109,0.000805108,-0.568616,0.232939,0.168718,0.166959
705,0,-0.00164083,0.00466594,0.726947,-0.000766322,0.000305541,0.000694264,-0.568293,0.232586,0.168628,0.16708
710,0,-0.00181561,0.00474738,0.719893,0.00055041,0.000192825,0.000580325,-0.232134,0.567844,-0.167086,-0.168625
715,0,-0.00186663,0.00452717,0.712705,0.00159502,3.02718e-05,0.000445579,-0.231557,0.567242,-0.16702,-0.168665
720,0,-0.00175777,0.00403015,0.705376,0.00247732,-0.00017364,0.000314909,0.167541,0.168101,0.231602,-0.567244
725,0,-0.00148802,0.00330503,0.697903,0.00284247,-0.000362337,0.000190953,0.16815,0.16747,0.231742,-0.567361
730,0,-0.00109744,0.00242635,0.690325,0.00302162,-0.000492719,9.69695e-05,0.168588,0.167019,0.231821,-0.567428
735,0,-0.000624987,0.00146694,0.682684,0.00284997,-0.000594788,3.25427e-05,0.168925,0.166694,0.231891,-0.567511
740,0,-9.13497e-05,0.000482189,0.675001,0.00262028,-0.00068817,-4.31109e-05,0.567725,-0.232091,-0.166536,-0.169098
745,0,0.000486912,-0.000481835,0.667291,0.0020811,-0.000751378,-8.20667e-05,0.567943,-0.23228,-0.166501,-0.169162
750,0,0.00107438,-0.00137082,0.659596,0.00153503,-0.000763651,-9.46482e-05,0.568004,-0.232318,-0.166513,-0.169173
755,0,0.00164995,-0.00214985,0.651942,0.000712793,-0.00077091,-0.000120839,0.568081,-0.232373,-0.166561,-0.169147
760,0,0.00221178,-0.00280993,0.644331,-0.000190021,-0.000770962,-0.000123556,0.232376,-0.56809,0.169144,0.166569
765,0,0.00275945,-0.00336718,0.636764,-0.000776003,-0.000779888,-0.000144164,0.232438,-0.568145,0.169118,0.166589
770,0,0.00329271,-0.00387486,0.629238,-0.00107511,-0.000784937,-0.000157951,0.232478,-0.568179,0.169098,0.166603
775,0,0.0038115,-0.00437895,0.621756,-0.00106667,-0.000788192,-0.000162461,0.232494,-0.568195,0.169096,0.166605
780,0,0.00431591,-0.00491419,0.614316,-0.00096111,-0.000788573,-0.000186202,0.23254,-0.568244,0.169051,0.166653
785,0,0.00480611,-0.00550504,0.606919,-0.000583377,-0.000790335,-0.00019361,0.232555,-0.568265,0.169043,0.166667
790,0,0.00528236,-0.00616617,0.599564,-0.000126578,-0.000799384,-0.000208423,0.2326,-0.568315,0.169034,0.16668
795,0,0.00574492,-0.0069077,0.592252,0.00028259,-0.00080608,-0.00022156,0.568354,-0.23264,-0.166693,-0.169021
800,0,0.00619411,-0.0077291,0.584983,0.000850412,-0.000812908,-0.000247827,0.568416,-0.23271,-0.166727,-0.168979
805,0,0.00663016,-0.00860567,0.577757,0.000946895,-0.000817849,-0.000258511,0.568446,-0.232742,-0.166737,-0.168966
810,0,0.00705324,-0.00951086,0.570574,0.000951586,-0.000834711,-0.000269415,0.568501,-0.232797,-0.166725,-0.168978
815,0,0.00746342,-0.0104195,0.563434,0.000919169,-0.000844836,-0.000274403,0.568531,-0.232827,-0.166715,-0.168989
820,0,0.00786071,-0.0113079,0.556337,0.000713825,-0.000826993,-0.000298137,0.568545,-0.232836,-0.1668,-0.168908
825,0,0.00824506,-0.0121538,0.549285,0.000288368,-0.000837018,-0.000312952,0.568597,-0.232883,-0.166812,-0.168902
830,0,0.00861635,-0.0129365,0.542276,-0.000435052,-0.000841322,-0.000322732,0.232912,-0.568624,0.16889,0.166822
835,0,0.00897446,-0.0136488,0.535312,-0.00102812,-0.000861522,-0.0003417,0.232995,-0.568697,0.168888,0.166814
840,0,0.00931929,-0.0143124,0.528392,-0.00142662,-0.000865803,-0.000360707,0.233047,-0.568738,0.168853,0.166837
845,0,0.00965087,-0.0149514,0.521516,-0.00171418,-0.000867857,-0.000386118,0.233107,-0.568787,0.168801,0.166878
850,0,0.00996924,-0.0155889,0.514683,-0.00163087,-0.000866203,-0.000385514,0.233101,-0.568784,0.168801,0.166882
855,0,0.0102746,-0.016247,0.507892,-0.0015629,-0.000870967,-0.000407296,0.233153,-0.568838,0.168768,0.166917
860,0,0.0105647,-0.0169408,0.501149,-0.00138822,-0.00087835,-0.000412304,0.233174,-0.568866,0.168776,0.166915
865,0,0.0108256,-0.0176567,0.494481,-0.000940835,-0.000832158,-0.000405456,0.233062,-0.568766,0.168703,0.167
870,0,0.0110412,-0.0183705,0.487922,-0.000315198,-0.000776945,-0.000378658,0.232894,-0.568607,0.168651,0.167062
875,0,0.0111966,-0.019055,0.481508,0.000477509,-0.000676404,-0.000321252,0.568291,-0.232579,-0.167149,-0.168563
880,0,0.0112783,-0.0196698,0.475272,0.00103267,-0.00053108,-0.000251496,0.567858,-0.232156,-0.167295,-0.168406
885,0,0.0112751,-0.0201475,0.469243,0.00149676,-0.000379361,-0.000156493,0.567361,-0.231673,-0.167402,-0.168286
890,0,0.0111764,-0.0204191,0.463454,0.00177313,-0.000185104,-6.51162e-05,0.56679,-0.231113,-0.167602,-0.168076
895,0,0.0109722,-0.0204166,0.457931,0.00164152,3.10938e-05,4.5012e-05,-0.230766,0.566449,-0.167814,-0.167869
900,0,0.0106745,-0.0201352,0.452654,0.001354,0.000168918,0.000121906,-0.231185,0.566878,-0.167939,-0.167753
905,0,0.0103387,-0.0196988,0.447504,0.00106404,0.000232365,0.000148054,-0.231358,0.567059,-0.168017,-0.167684
910,0,0.0099986,-0.0191869,0.442405,0.000525241,0.000247342,0.0001293,-0.231346,0.567057,-0.168089,-0.167622
915,0,0.00966342,-0.0186194,0.437336,3.81747e-05,0.000246248,0.000120722,-0.231325,0.567039,-0.168105,-0.167609
920,0,0.00933333,-0.0179949,0.432296,-0.000405776,0.000247341,9.78508e-05,-0.566996,0.231283,0.16756,0.168152
925,0,0.0090082,-0.0173199,0.427284,-0.000889412,0.000250804,8.82072e-05,-0.56698,0.231275,0.167531,0.168174
930,0,0.008688,-0.016613,0.4223,-0.00121433,0.000264107,7.63601e-05,-0.566979,0.231282,0.167477,0.16822
935,0,0.00837268,-0.0158889,0.417343,-0.00133379,0.000268894,5.41317e-05,-0.566942,0.231249,0.167422,0.168271
940,0,0.00806224,-0.0151577,0.412413,-0.00150315,0.000266257,3.9007e-05,-0.566904,0.231217,0.167395,0.168293
945,0,0.00775668,-0.0144255,0.407509,-0.00145734,0.000272794,2.13939e-05,-0.566884,0.231194,0.167348,0.168342
950,0,0.007456,-0.0136956,0.402631,-0.00148869,0.000269774,1.31505e-05,-0.566861,0.231172,0.167337,0.168352
955,0,0.00716021,-0.0129713,0.397779,-0.0013599,0.000280422,-2.26498e-05,-0.168356,-0.167337,-0.23121,0.566903
960,0,0.00686934,-0.0122567,0.392952,-0.00133377,0.000288457,-3.83009e-05,-0.168341,-0.167352,-0.231257,0.56695
965,0,0.00658341,-0.0115544,0.38815,-0.00117859,0.000292506,-4.30611e-05,-0.168342,-0.167356,-0.231272,0.56697
970,0,0.00630243,-0.01087,0.383373,-0.000968661,0.000305019,-5.39944e-05,-0.168348,-0.167355,-0.231315,0.567019
975,0,0.00602645,-0.0102122,0.378621,-0.000659047,0.000301009,-6.44111e-05,-0.168323,-0.167386,-0.231325,0.567034
980,0,0.00575552,-0.00959205,0.373894,-0.000239272,0.000303767,-8.72529e-05,-0.168285,-0.167428,-0.231373,0.567087
985,0,0.00548972,-0.00902164,0.36919,0.000392322,0.000303845,-9.60086e-05,0.167445,0.168268,-0.567104,0.231391
990,0,0.00522912,-0.00850725,0.36451,0.000888509,0.000299854,-0.000132671,0.167522,0.168184,-0.567165,0.23146
995,0,0.0049738,-0.00804143,0.359854,0.0015191,0.000307378,-0.000142972,0.167518,0.168169,-0.567191,0.231504
1000,0,0.00472381,-0.00761503,0.355222,0.00189185,0.000316115,-0.000149267,0.167506,0.168167,-0.567213,0.231541
1005,0,0.00447918,-0.007219,0.350613,0.00225571,0.000309477,-0.000174219,0.167559,0.168095,-0.567241,0.231586
1010,0,0.00423991,-0.00684428,0.346028,0.0025173,0.000313825,-0.000185176,0.167565,0.168075,-0.567264,0.231624
1015,0,0.00400601,-0.0064814,0.341466,0.00266074,0.000329396,-0.000207444,0.167574,0.168057,-0.567334,0.231703
1020,0,0.00377744,-0.00612054,0.336928,0.00263483,0.000328863,-0.000218192,0.167597,0.168036,-0.567355,0.231722
1025,0,0.00355418,-0.00575166,0.332413,0.00255402,0.000327549,-0.000235931,0.167637,0.168001,-0.56739,0.231753
1030,0,0.00333619,-0.0053645,0.327922,0.002472,0.000332795,-0.000257966,0.167673,0.16797,-0.567447,0.231804
1035,0,0.00312739,-0.00496364,0.323465,0.00200816,0.000303831,-0.000259091,0.167745,0.167922,-0.567404,0.231737
1040,0,0.00293743,-0.00457754,0.319067,0.00150321,0.000281367,-0.000238245,0.167758,0.167929,-0.567328,0.231641
1045,0,0.00277588,-0.00423731,0.314758,0.000810118,0.000207544,-0.000221544,0.167881,0.167826,-0.567158,0.231452
1050,0,0.00265179,-0.00397465,0.310563,-5.30854e-05,0.000109992,-0.000164333,-0.16775,-0.167965,-0.231142,0.566856
1055,0,0.00257305,-0.00382809,0.30651,-0.00067771,-1.31611e-05,-0.000108225,0.230842,-0.566551,0.167667,0.168042
1060,0,0.00253971,-0.00382609,0.3026,-0.00125172,-0.000108205,-5.87259e-05,0.230939,-0.566635,0.167946,0.16775
1065,0,0.00253569,-0.00393078,0.298793,-0.00142009,-0.000180231,-3.57276e-05,0.231038,-0.566729,0.168131,0.16756
1070,0,0.00254569,-0.00409769,0.295047,-0.001308,-0.000213108,-3.0456e-05,0.231091,-0.566786,0.168208,0.167486
1075,0,0.00256253,-0.00431075,0.29134,-0.00120619,-0.000225896,-4.12447e-05,0.231136,-0.566834,0.168214,0.167484
1080,0,0.00258549,-0.00458022,0.287671,-0.000909028,-0.000258986,-4.83841e-05,0.231212,-0.566917,0.168269,0.167436
1085,0,0.00261411,-0.00491663,0.28404,-0.000362167,-0.000280974,-4.83443e-05,0.231252,-0.566965,0.168317,0.167396
1090,0,0.00264802,-0.00532983,0.280444,0.000304355,-0.000307603,-4.51567e-05,0.567011,-0.231298,-0.167337,-0.168376
1095,0,0.00268405,-0.00580678,0.276874,0.000893651,-0.000307446,-6.59518e-05,0.567048,-0.231343,-0.167375,-0.16833
1100,0,0.00271857,-0.0063115,0.273319,0.00120664,-0.000308913,-8.3992e-05,0.567083,-0.231385,-0.167403,-0.168294
1105,0,0.00275154,-0.00682405,0.269779,0.00127223,-0.000316329,-0.000102072,0.567132,-0.231437,-0.167423,-0.168272
1110,0,0.00278295,-0.00732672,0.266254,0.000909613,-0.000317122,-0.000108939,0.567152,-0.231447,-0.16744,-0.168264
1115,0,0.00281278,-0.00780356,0.262744,0.000540246,-0.000318606,-0.000126345,0.567192,-0.231481,-0.167475,-0.168236
1120,0,0.00284023,-0.00823601,0.259252,-0.000195839,-0.000315495,-0.00014569,0.231512,-0.567226,0.168193,0.167521
1125,0,0.00286141,-0.00859708,0.255794,-0.000814714,-0.000305757,-0.00014037,0.231486,-0.567192,0.168181,0.167526
1130,0,0.00287471,-0.00889089,0.252375,-0.00126833,-0.000273436,-0.000135996,0.231419,-0.567114,0.16812,0.167576
1135,0,0.00287921,-0.00912581,0.249001,-0.00151472,-0.000260162,-0.00013768,0.2314,-0.567087,0.168086,0.167601
1140,0,0.00287295,-0.00930209,0.245678,-0.00137287,-0.000213371,-0.000134553,0.231298,-0.566991,0.168002,0.16769
1145,0,0.00284935,-0.00938901,0.242436,-0.001065,-0.000138117,-9.84375e-05,0.231074,-0.566775,0.167929,0.167772
1150,0,0.00280111,-0.00934742,0.239307,-0.00062107,-3.65378e-05,-4.4281e-05,0.230762,-0.566472,0.16784,0.16787
1155,0,0.00272137,-0.00913702,0.236322,-5.85696e-05,0.000100905,2.27056e-05,-0.566558,0.230844,0.167703,0.168011
1160,0,0.00261382,-0.00878229,0.23347,0.000770989,0.000189036,5.18278e-05,-0.231079,0.566787,-0.168125,-0.167582
1165,0,0.00249844,-0.0084056,0.230665,0.00136634,0.000197429,4.55891e-05,-0.231091,0.566783,-0.168146,-0.167546
1170,0,0.00238477,-0.00805215,0.22787,0.00178158,0.000207207,3.69826e-05,-0.231101,0.566778,-0.168175,-0.167502
1175,0,0.0022733,-0.00771139,0.225082,0.00199943,0.000208023,9.41206e-06,-0.231053,0.566721,-0.168226,-0.167441
1180,0,0.00216404,-0.00737304,0.2223,0.00196643,0.000208061,2.26032e-06,-0.231038,0.566707,-0.168241,-0.167428
1185,0,0.00205697,-0.00702978,0.219526,0.00192542,0.000208557,-1.21435e-05,0.167447,0.168224,-0.566729,0.231058
1190,0,0.00195207,-0.00667608,0.216759,0.0015908,0.00021013,-2.11672e-05,0.167469,0.168216,-0.566756,0.231072
1195,0,0.00184931,-0.00630603,0.213999,0.0013324,0.000221178,-3.05356e-05,0.16747,0.168224,-0.566801,0.231108
1200,0,0.00174868,-0.00591367,0.211247,0.000946125,0.000217607,-5.53193e-05,0.167531,0.168173,-0.566848,0.231145
1205,0,0.00165013,-0.00549308,0.208502,0.000395175,0.000226463,-7.25181e-05,0.167552,0.168161,-0.566904,0.231192
1210,0,0.00155363,-0.00503861,0.205765,-0.000389996,0.000224789,-9.7373e-05,-0.168108,-0.167604,-0.231237,0.56695
1215,0,0.00145913,-0.00454888,0.203035,-0.00105224,0.000234616,-9.20879e-05,-0.168133,-0.167569,-0.231252,0.566953
1220,0,0.0013666,-0.00403206,0.200311,-0.00141975,0.000233277,-0.000113761,-0.168082,-0.167609,-0.231298,0.566988
1225,0,0.00127601,-0.0034972,0.197595,-0.00188028,0.000235999,-0.000132624,-0.168041,-0.167632,-0.231349,0.567022
1230,0,0.00118733,-0.002953,0.194885,-0.00190192,0.000241633,-0.000152866,-0.168012,-0.16766,-0.231401,0.567073
1235,0,0.00110057,-0.00240779,0.192181,-0.00185451,0.000244061,-0.00016516,-0.167993,-0.167681,-0.231429,0.567103
1240,0,0.00101642,-0.00187448,0.189487,-0.00170207,0.000247316,-0.000169534,-0.167994,-0.167686,-0.231441,0.567121
1245,0,0.000939512,-0.00139513,0.186824,-0.00144625,0.000215378,-0.000176082,-0.167923,-0.167767,-0.231386,0.567075
1250,0,0.000875677,-0.0010223,0.18422,-0.000962212,0.000145652,-0.000140913,-0.167861,-0.167842,-0.231171,0.566875
1255,0,0.000830406,-0.000808456,0.181705,-0.000234193,6.53127e-05,-0.0001029,-0.167783,-0.167931,-0.230932,0.566646
1260,0,0.000809307,-0.000809099,0.179308,0.000566758,-5.0091e-05,-4.88412e-05,0.566508,-0.230797,-0.167853,-0.167858
1265,0,0.000813444,-0.00104084,0.177038,0.00131709,-0.000156069,9.46748e-07,0.168153,0.167541,0.23092,-0.566614
1270,0,0.000830931,-0.00140584,0.174839,0.00185039,-0.000191845,1.27132e-05,0.168191,0.167483,0.231024,-0.566698
1275,0,0.000849653,-0.00179934,0.172651,0.00198442,-0.000202439,-8.05152e-06,0.566707,-0.231039,-0.16745,-0.168218
1280,0,0.000867709,-0.00219742,0.170464,0.00207086,-0.000197007,-1.50899e-05,0.566708,-0.231044,-0.167473,-0.168191
1285,0,0.000885102,-0.00259221,0.168278,0.00195054,-0.00019074,-4.33021e-05,0.566754,-0.231085,-0.167544,-0.168126
1290,0,0.000901821,-0.00297636,0.166093,0.00172674,-0.000198602,-5.45651e-05,0.566797,-0.231118,-0.167555,-0.168124
1295,0,0.000917848,-0.00334299,0.163911,0.00119617,-0.000209152,-6.64553e-05,0.56685,-0.231153,-0.167567,-0.168131
1300,0,0.000933168,-0.00368573,0.161729,0.000533638,-0.000206277,-7.91617e-05,0.566877,-0.231166,-0.167604,-0.168107
1305,0,0.00094776,-0.00399867,0.15955,-0.00023322,-0.000210533,-8.83312e-05,0.231191,-0.566904,0.168098,0.167615
1310,0,0.000961585,-0.00428095,0.157373,-0.000980749,-0.000210254,-0.000113662,0.231246,-0.566949,0.168043,0.16766
1315,0,0.000974627,-0.00454195,0.155197,-0.0014421,-0.000208315,-0.000128975,0.231279,-0.566968,0.168002,0.167688
1320,0,0.000986877,-0.00479155,0.153024,-0.00166624,-0.000209195,-0.000132783,0.231292,-0.566974,0.167992,0.16769
1325,0,0.000998334,-0.00503884,0.150852,-0.00165273,-0.000219264,-0.000147939,0.231342,-0.567024,0.167982,0.1677
1330,0,0.00100896,-0.00529182,0.148681,-0.00161456,-0.000217448,-0.00016873,0.231378,-0.567062,0.167938,0.167745
1335,0,0.00101707,-0.00553975,0.146524,-0.00109112,-0.000213845,-0.000170352,0.231366,-0.567066,0.167936,0.167764
1340,0,0.00101873,-0.0057452,0.144407,-0.000481283,-0.00015366,-0.000160306,0.231222,-0.566933,0.167843,0.167869
1345,0,0.00101003,-0.00586791,0.142359,0.000290234,-8.60425e-05,-0.000121219,0.566723,-0.23101,-0.167926,-0.167787
1350,0,0.000988269,-0.00587293,0.140403,0.00105836,8.71088e-06,-7.72286e-05,0.167986,0.167715,-0.566477,0.230776
1355,0,0.000954074,-0.00575219,0.138536,0.00150582,8.14388e-05,-4.41438e-05,0.16777,0.167917,-0.566549,0.230861
1360,0,0.000913356,-0.00555789,0.136722,0.00175768,0.000117042,-4.17868e-05,0.16769,0.167988,-0.56661,0.230932
1365,0,0.000870971,-0.00533413,0.134925,0.00162016,0.000123477,-5.13138e-05,0.167699,0.167984,-0.566644,0.230961
1370,0,0.000827789,-0.00508181,0.133141,0.00129258,0.000132473,-4.76407e-05,0.16768,0.168015,-0.56666,0.230965
1375,0,0.000783873,-0.00479358,0.131368,0.000621252,0.000149319,-5.92174e-05,0.167677,0.168033,-0.566724,0.231014
1380,0,0.000739296,-0.00446286,0.129608,-0.000176557,0.000170093,-6.53145e-05,-0.168064,-0.16765,-0.231065,0.566779
1385,0,0.000694915,-0.00409837,0.127854,-0.000886305,0.000173629,-7.55237e-05,-0.168046,-0.167659,-0.231097,0.566802
1390,0,0.000651453,-0.00371813,0.1261,-0.00130724,0.000176041,-9.34195e-05,-0.16801,-0.167684,-0.231142,0.566836
1395,0,0.000608894,-0.00333182,0.124346,-0.00136293,0.000157175,-0.00010749,-0.167944,-0.167748,-0.231134,0.566826
1400,0,0.000567558,-0.00295176,0.122593,-0.0011339,0.00015898,-0.000111605,-0.167943,-0.167756,-0.231142,0.566841
1405,0,0.000530285,-0.00261876,0.120863,-0.000704031,0.000137246,-0.000108573,-0.167911,-0.167798,-0.231088,0.566797
1410,0,0.000500866,-0.00238627,0.119185,-0.000109553,7.95692e-05,-8.02968e-05,-0.167856,-0.167859,-0.230916,0.56663
1415,0,0.000482907,-0.00230722,0.117587,0.000778198,-3.11798e-06,-3.4425e-05,0.566385,-0.230678,-0.167915,-0.167792
1420,0,0.000476923,-0.00239448,0.116077,0.00167597,-6.91645e-05,-1.33128e-05,0.566461,-0.230779,-0.16773,-0.167951
1425,0,0.000477231,-0.0025751,0.114614,0.00194638,-0.000104455,-2.06538e-06,0.566503,-0.230833,-0.167633,-0.168037
1430,0,0.000478748,-0.00277964,0.113162,0.00213223,-0.000110492,-9.87959e-06,0.566525,-0.230864,-0.167632,-0.168029
1435,0,0.000480107,-0.00298337,0.111709,0.00211812,-0.00010779,-3.02283e-05,0.566561,-0.230899,-0.167678,-0.167984
1440,0,0.000481334,-0.00317944,0.110257,0.00174222,-0.00010282,-3.22093e-05,0.566563,-0.230884,-0.1677,-0.167979
1445,0,0.000482475,-0.00336192,0.108805,0.00113547,-0.000100844,-4.15281e-05,0.566588,-0.230889,-0.167732,-0.167967
1450,0,0.000483213,-0.00352045,0.107358,0.000157488,-0.000101587,-4.99068e-05,0.566613,-0.230899,-0.167755,-0.167959
1455,0,0.000481206,-0.00361487,0.105938,-0.000704033,-7.75881e-05,-3.47518e-05,0.230825,-0.566533,0.167939,0.16777
1460,0,0.000474083,-0.0036074,0.104568,-0.00163822,-2.61981e-05,-9.28674e-06,0.230686,-0.566369,0.167875,0.167808
1465,0,0.000459975,-0.00347499,0.103265,-0.00219426,4.98256e-05,1.89616e-05,-0.566422,0.230764,0.167768,0.16789
1470,0,0.000440124,-0.00324148,0.102019,-0.00250152,7.71666e-05,1.69798e-05,-0.566464,0.230823,0.167702,0.167939
1475,0,0.000420239,-0.00300053,0.100777,-0.00255077,8.69904e-05,1.5921e-05,-0.566479,0.230841,0.167679,0.167959
1480,0,0.000400677,-0.00276332,0.0995347,-0.00228952,7.09267e-05,8.93831e-06,-0.566441,0.230788,0.167704,0.167949
1485,0,0.000381443,-0.00253399,0.0982917,-0.00205294,8.74384e-05,-3.75556e-06,-0.167998,-0.167667,-0.230805,0.56647
1490,0,0.000362549,-0.00231586,0.0970485,-0.00150984,8.51188e-05,-1.62561e-05,-0.16798,-0.167708,-0.230814,0.566501
1495,0,0.000343992,-0.00211265,0.0958049,-0.000822633,8.56124e-05,-2.59436e-05,-0.167971,-0.167735,-0.230824,0.566531
1500,0,0.000325785,-0.0019279,0.094561,-4.23323e-05,8.09738e-05,-2.47678e-05,-0.167968,-0.167746,-0.230809,0.566523
1505,0,0.000307944,-0.00176488,0.0933164,0.00102873,8.06739e-05,-3.11523e-05,0.167753,0.167949,-0.566529,0.230827
1510,0,0.000290475,-0.00162408,0.0920717,0.00186414,7.9837e-05,-5.14878e-05,0.167781,0.167893,-0.566553,0.23088
1515,0,0.000273561,-0.00150313,0.0908289,0.00251754,8.66468e-05,-5.86548e-05,0.167765,0.167875,-0.566564,0.230924
1520,0,0.000257738,-0.00140488,0.0895925,0.00293293,7.89356e-05,-6.27048e-05,0.167775,0.167839,-0.566544,0.23093
1525,0,0.000243519,-0.0013329,0.0883683,0.00313303,6.31582e-05,-5.97174e-05,0.167793,0.167806,-0.566499,0.2309
1530,0,0.000231717,-0.00129661,0.0871653,0.00328721,4.02495e-05,-4.37165e-05,0.167801,0.167787,-0.566417,0.230829
1535,0,0.00022494,-0.00133637,0.0860116,0.00318752,-7.07713e-06,-2.46867e-05,0.566318,-0.230722,-0.167832,-0.167763
1540,0,0.000224303,-0.00146972,0.08492,0.00282952,-6.44447e-05,3.11149e-06,0.167931,0.167689,0.23078,-0.566401
1545,0,0.000226954,-0.00164799,0.0838637,0.00225137,-9.53603e-05,4.04942e-06,0.168008,0.167647,0.230826,-0.566481
1550,0,0.000229875,-0.00181922,0.0828115,0.00162952,-9.33567e-05,5.48834e-06,0.168015,0.167668,0.230811,-0.566494
1555,0,0.00023265,-0.00197586,0.0817594,0.00080982,-8.48291e-05,-1.68793e-06,0.566481,-0.230775,-0.167689,-0.168017
1560,0,0.000235293,-0.00211671,0.0807073,0.000129741,-9.92326e-05,-1.03555e-05,0.566531,-0.230817,-0.167682,-0.168032
1565,0,0.000237782,-0.00223885,0.0796558,-0.000869785,-9.60509e-05,-1.87768e-05,0.230831,-0.566537,0.168005,0.1677
1570,0,0.00024011,-0.00234136,0.0786046,-0.00189917,-9.40459e-05,-3.47166e-05,0.230875,-0.566547,0.167953,0.167719
1575,0,0.000242275,-0.00242793,0.0775539,-0.00268015,-9.88029e-05,-4.00509e-05,0.230916,-0.566546,0.167931,0.167699
1580,0,0.00024427,-0.00250267,0.0765032,-0.00328268,-9.65031e-05,-4.02544e-05,0.230933,-0.566521,0.167905,0.167683
1585,0,0.000246086,-0.00256947,0.075453,-0.00365267,-0.00010588,-5.8421e-05,0.231003,-0.566561,0.167873,0.167685
1590,0,0.000247731,-0.00263207,0.074403,-0.00395483,-9.98739e-05,-6.16585e-05,0.231011,-0.566542,0.167841,0.16769
1595,0,0.000249195,-0.00269399,0.0733529,-0.00387831,-0.000101929,-7.0187e-05,0.231028,-0.566566,0.167832,0.167706
1600,0,0.00025049,-0.00275854,0.0723029,-0.00388772,-9.60421e-05,-7.51836e-05,0.231027,-0.566564,0.16781,0.167727
1605,0,0.000251607,-0.00282871,0.0712528,-0.00342987,-0.000102843,-8.25545e-05,0.231035,-0.566611,0.167828,0.167748
1610,0,0.000251889,-0.00289233,0.0702118,-0.00303584,-8.73188e-05,-8.30193e-05,0.23099,-0.566597,0.167812,0.167795
1615,0,0.000249511,-0.00290829,0.0692074,-0.00236877,-3.83925e-05,-6.08648e-05,0.230829,-0.566477,0.16778,0.167869
1620,0,0.000242604,-0.00283186,0.0682682,-0.00164329,2.6248e-05,-2.73455e-05,-0.167839,-0.167843,-0.230722,0.566404
1625,0,0.000230023,-0.00263364,0.0674144,-0.000514932,0.000114964,2.47171e-05,-0.566589,0.230877,0.167677,0.168034
1630,0,0.000212973,-0.00234094,0.0666309,0.000677813,0.000168325,3.67016e-05,-0.231008,0.566717,-0.168114,-0.167594
1635,0,0.000194794,-0.00203005,0.0658689,0.00159869,0.000173602,4.25824e-05,-0.231042,0.566726,-0.168101,-0.167583
1640,0,0.000176962,-0.00173112,0.0651072,0.00218961,0.000174201,3.34429e-05,-0.231038,0.566696,-0.168107,-0.167551
1645,0,0.000159502,-0.00143995,0.0643454,0.00264649,0.000172245,2.16253e-05,-0.231024,0.566656,-0.168114,-0.167519
1650,0,0.000142414,-0.00115298,0.0635836,0.00287155,0.000170649,2.88798e-05,-0.231042,0.56666,-0.168089,-0.167529
1655,0,0.000125694,-0.000867604,0.062822,0.00297904,0.000187157,1.5281e-05,-0.231052,0.566662,-0.168145,-0.167466
1660,0,0.000109346,-0.000581954,0.0620604,0.00305481,0.000172983,-9.73931e-07,0.167463,0.168142,-0.566603,0.230998
1665,0,9.33744e-05,-0.000294759,0.0612991,0.00295452,0.000184443,1.15696e-05,-0.231038,0.566651,-0.168147,-0.167465
1670,0,7.77673e-05,-4.98444e-06,0.0605378,0.00282856,0.000190625,1.31768e-06,-0.231026,0.566647,-0.168184,-0.167436
1675,0,6.25346e-05,0.000288017,0.0597765,0.00256995,0.000191412,-7.84465e-06,0.167456,0.168181,-0.566669,0.231032
1680,0,4.76679e-05,0.000585225,0.0590154,0.00231049,0.000184988,-1.28808e-05,0.167486,0.168166,-0.566674,0.231022
1685,0,3.31735e-05,0.000888083,0.0582544,0.00194419,0.000200127,-8.42163e-06,0.167456,0.168214,-0.566704,0.231034
1690,0,1.90423e-05,0.00119821,0.0574931,0.0014502,0.00019904,-1.7182e-05,0.167486,0.168204,-0.566729,0.23104
1695,0,5.27292e-06,0.00151732,0.0567318,0.000702561,0.000189259,-1.89642e-05,0.167518,0.168191,-0.566723,0.231014
1700,0,-8.13324e-06,0.0018472,0.05597,4.50511e-05,0.000196443,-3.02817e-05,0.167529,0.168185,-0.566762,0.231048
1705,0,-2.11804e-05,0.00218953,0.0552079,-0.000926783,0.000209607,-3.53917e-05,-0.168196,-0.167508,-0.231089,0.566793
1710,0,-3.37288e-05,0.00254087,0.0544474,-0.00195646,0.000204734,-4.05121e-05,-0.168159,-0.16751,-0.231107,0.566776
1715,0,-4.54662e-05,0.00289016,0.0536941,-0.00264197,0.000191489,-2.86443e-05,-0.168138,-0.167495,-0.231076,0.566708
1720,0,-5.6114e-05,0.00322618,0.0529533,-0.0032331,0.000173374,-4.24953e-05,-0.168054,-0.167537,-0.231088,0.566679
1725,0,-6.54173e-05,0.00353829,0.0522304,-0.00373855,0.000164386,-3.80007e-05,-0.168025,-0.167526,-0.231082,0.566632
1730,0,-7.31531e-05,0.00381632,0.0515307,-0.00406552,0.000143869,-6.31227e-06,-0.168032,-0.167489,-0.230993,0.566514
1735,0,-7.90958e-05,0.00404978,0.050859,-0.0043508,0.000127582,-9.39128e-06,-0.16798,-0.167513,-0.230981,0.566474
1740,0,-8.23061e-05,0.00420667,0.0502353,-0.00430837,6.83197e-05,3.07026e-05,-0.566401,0.230904,0.167674,0.167823
1745,0,-8.22656e-05,0.00426592,0.0496706,-0.00407758,2.067e-05,5.65691e-05,-0.56637,0.23085,0.167831,0.167689
1750,0,-8.02162e-05,0.0042597,0.0491441,-0.00385207,-1.22954e-05,6.37352e-05,-0.167872,-0.167669,0.566378,-0.230837
1755,0,-7.70353e-05,0.00421112,0.0486406,-0.00329849,-1.51948e-05,6.84225e-05,-0.167898,-0.167688,0.566416,-0.230829
1760,0,-7.38474e-05,0.0041536,0.048139,-0.00269388,-2.80267e-05,6.50757e-05,-0.167888,-0.167742,0.566456,-0.230826
1765,0,-7.07251e-05,0.00408893,0.0476379,-0.00219303,-3.05798e-05,6.21388e-05,-0.167891,-0.167767,0.566469,-0.230811
1770,0,-6.76448e-05,0.00401724,0.0471373,-0.00157734,-2.76894e-05,5.93652e-05,-0.167905,-0.16778,0.566472,-0.230787
1775,0,-6.46245e-05,0.00393886,0.0466376,-0.00105436,-2.54621e-05,4.5889e-05,-0.167891,-0.16781,0.566449,-0.230747
1780,0,-6.16573e-05,0.00385424,0.0461386,-0.000544691,-2.65712e-05,4.59271e-05,-0.167894,-0.167817,0.566456,-0.230745
1785,0,-5.87376e-05,0.0037639,0.0456398,-0.000216766,-2.00239e-05,4.86057e-05,-0.167913,-0.167801,0.56645,-0.230736
1790,0,-5.58682e-05,0.00366805,0.0451417,0.000298446,-3.565e-05,3.73458e-05,0.167853,0.16786,0.230745,-0.566458
1795,0,-5.30477e-05,0.0035671,0.0446441,0.000792063,-2.84785e-05,4.30747e-05,0.167825,0.167882,0.230745,-0.566452
1800,0,-5.02733e-05,0.00346237,0.0441467,0.00115248,-2.66696e-05,3.61991e-05,0.167831,0.167868,0.230732,-0.566431
1805,0,-4.75436e-05,0.00335473,0.0436495,0.00131955,-2.15158e-05,3.01487e-05,0.16783,0.167864,0.230712,-0.566406
1810,0,-4.48641e-05,0.00324469,0.0431524,0.00162854,-2.67448e-05,2.53412e-05,0.167844,0.167839,0.230718,-0.566402
1815,0,-4.2228e-05,0.00313281,0.0426557,0.00175778,-2.51496e-05,2.40744e-05,0.167841,0.167837,0.230715,-0.566393
1820,0,-3.96408e-05,0.00301974,0.042159,0.00187821,-2.90523e-05,2.14273e-05,0.167852,0.167821,0.23072,-0.566393
1825,0,-3.70997e-05,0.00290622,0.0416621,0.00194499,-2.47615e-05,1.64858e-05,0.167851,0.167819,0.230704,-0.566374
1830,0,-3.46005e-05,0.0027931,0.0411654,0.00191256,-3.10872e-05,1.01371e-05,0.167877,0.167794,0.230703,-0.566374
1835,0,-3.21488e-05,0.00268132,0.0406685,0.0018937,-3.34866e-05,9.22158e-06,0.167884,0.167788,0.230705,-0.566378
1840,0,-2.97446e-05,0.00257188,0.0401714,0.00151478,-2.43642e-05,2.45248e-06,0.167887,0.1678,0.230667,-0.566354
1845,0,-2.73907e-05,0.0024659,0.0396739,0.0011239,-4.36708e-05,4.78409e-06,0.167926,0.167773,0.230703,-0.566403
1850,0,-2.50787e-05,0.00236459,0.039176,0.000566093,-3.6332e-05,-4.9731e-06,0.566394,-0.230684,-0.167793,-0.167917
1855,0,-2.28183e-05,0.00226913,0.038678,-1.87692e-05,-4.39749e-05,-1.56018e-06,0.23069,-0.566404,0.167941,0.167773
1860,0,-2.06083e-05,0.00217961,0.0381793,-0.000583106,-4.65004e-05,-8.53706e-06,0.230711,-0.566421,0.16793,0.16778
1865,0,-1.845e-05,0.00209421,0.0376806,-0.000840105,-4.37218e-05,4.89075e-07,-0.167768,-0.167938,0.566398,-0.230692
1870,0,-1.63419e-05,0.00201137,0.0371814,-0.00113666,-4.30437e-05,-1.4256e-05,0.230721,-0.56642,0.167906,0.167793
1875,0,-1.42884e-05,0.00192965,0.0366822,-0.00126472,-3.73165e-05,-1.66198e-05,0.230716,-0.566411,0.167889,0.167807
1880,0,-1.22851e-05,0.00184759,0.0361831,-0.00113835,-3.9133e-05,-2.99123e-05,0.230744,-0.566443,0.167868,0.167831
1885,0,-1.03377e-05,0.00176377,0.0356842,-0.00096078,-3.33013e-05,-2.62796e-05,0.230723,-0.566427,0.167866,0.167838
1890,0,-8.43778e-06,0.00167685,0.0351856,-0.000467398,-3.92416e-05,-2.96037e-05,0.230737,-0.566449,0.167875,0.167837
1895,0,-6.59097e-06,0.00158559,0.034687,-5.14953e-05,-3.9546e-05,-2.87296e-05,0.230735,-0.566449,0.167878,0.167836
1900,0,-4.79165e-06,0.00148879,0.0341887,0.000602876,-4.49059e-05,-3.84093e-05,0.566477,-0.230767,-0.167842,-0.167868
1905,0,-3.04403e-06,0.0013863,0.0336908,0.00138668,-4.14933e-05,-3.22651e-05,0.566449,-0.230757,-0.167828,-0.167864
1910,0,-1.3453e-06,0.00128005,0.0331931,0.00170548,-5.06088e-05,-4.98875e-05,0.566496,-0.230815,-0.167839,-0.167842
1915,0,3.14321e-07,0.00117207,0.0326952,0.00181027,-4.73677e-05,-5.1662e-05,0.566491,-0.230815,-0.167846,-0.167829
1920,0,1.91946e-06,0.00106421,0.0321974,0.00178107,-4.57104e-05,-4.1564e-05,0.566468,-0.230791,-0.16783,-0.167847
1925,0,3.47709e-06,0.000958299,0.0316996,0.00151453,-4.99572e-05,-5.28122e-05,0.566504,-0.230816,-0.167849,-0.167838
1930,0,4.67431e-06,0.000871243,0.0312112,0.000988406,-2.1016e-05,-4.74409e-05,0.566444,-0.230741,-0.167904,-0.167799
1935,0,4.64218e-06,0.000848433,0.0307593,0.000293091,1.74412e-05,-2.44812e-05,0.167871,0.167843,-0.566397,0.230683
1940,0,2.79536e-06,0.000923824,0.0303647,-0.000487562,7.22823e-05,9.52251e-06,-0.566474,0.230763,0.167732,0.16798
1945,0,-2.10945e-07,0.00106618,0.0300073,-0.00117981,7.84966e-05,9.24413e-06,-0.566479,0.230781,0.167712,0.167986
1950,0,-3.21865e-06,0.0012159,0.0296523,-0.00166084,9.28172e-05,1.22391e-05,-0.566506,0.230824,0.167682,0.168
1955,0,-6.1579e-06,0.00136751,0.0292971,-0.00174349,9.53225e-05,1.24078e-05,-0.566509,0.230831,0.167676,0.168003
1960,0,-9.02871e-06,0.00151969,0.0289417,-0.00175735,9.11772e-05,9.14517e-06,-0.566494,0.230816,0.167677,0.168001
1965,0,-1.18283e-05,0.00167148,0.0285862,-0.00176075,0.000100522,2.48307e-06,-0.5665,0.230822,0.167645,0.168032
1970,0,-1.45622e-05,0.00182226,0.0282309,-0.00158837,9.88096e-05,-3.12013e-06,-0.168031,-0.167653,-0.230816,0.566501
1975,0,-1.72206e-05,0.00197176,0.0278756,-0.00140748,9.82322e-05,-3.5449e-06,-0.168032,-0.167659,-0.230813,0.566504
1980,0,-1.98148e-05,0.00211998,0.0275202,-0.00122835,0.000104012,5.75557e-07,-0.566512,0.230815,0.167644,0.168052
1985,0,-2.23364e-05,0.00226685,0.0271647,-0.00113094,9.43815e-05,-9.68625e-06,-0.168017,-0.167682,-0.230813,0.566512
1990,0,-2.47895e-05,0.00241233,0.0268097,-0.00089827,9.40267e-05,-2.55644e-06,-0.168033,-0.167672,-0.230796,0.5665
1995,0,-2.71671e-05,0.00255603,0.0264546,-0.000577653,9.43828e-05,-7.30464e-06,-0.168027,-0.167683,-0.230803,0.566513
2000,0,-2.94792e-05,0.00269735,0.0260997,-0.000235117,9.102e-05,-1.45461e-06,-0.168034,-0.16768,-0.230783,0.566497
2005,0,-3.17171e-05,0.00283552,0.0257454,0.000360963,0.000103108,-2.23756e-05,0.167697,0.168016,-0.566561,0.230849
2010,0,-3.38866e-05,0.00297,0.0253913,0.000938507,9.3964e-05,-2.32295e-05,0.167712,0.167992,-0.566541,0.230837
2015,0,-3.59863e-05,0.00310118,0.0250376,0.001462,9.12167e-05,-2.20016e-05,0.167708,0.167981,-0.566525,0.230836
2020,0,-3.80063e-05,0.00322953,0.0246847,0.00191545,9.70453e-05,-1.68068e-05,0.167677,0.167994,-0.566518,0.230846
2025,0,-3.99565e-05,0.00335557,0.0243318,0.00234529,9.74324e-05,-2.29384e-05,0.167678,0.167972,-0.56652,0.23087
2030,0,-4.18383e-05,0.00347981,0.0239795,0.00259281,0.000100968,-2.78691e-05,0.167673,0.167962,-0.566529,0.230894
2035,0,-4.36404e-05,0.00360281,0.0236274,0.00281808,0.000108265,-3.6379e-05,0.167669,0.167953,-0.566553,0.230932
2040,0,-4.53698e-05,0.00372519,0.0232757,0.00305476,0.000109425,-3.34516e-05,0.167652,0.167952,-0.566542,0.230937
2045,0,-4.70309e-05,0.00384758,0.0229241,0.00303562,0.000109153,-2.81142e-05,0.167643,0.167963,-0.566531,0.230925
2050,0,-4.8615e-05,0.0039707,0.0225722,0.00286572,0.000104391,-3.07788e-05,0.167664,0.167954,-0.566533,0.230915
2055,0,-5.01182e-05,0.00409475,0.0222208,0.00268495,0.000101754,-3.67724e-05,0.167687,0.167943,-0.566546,0.230916
2060,0,-5.12511e-05,0.00419949,0.0218823,0.00228886,8.33855e-05,-3.07107e-05,0.167722,0.16793,-0.566509,0.230856
2065,0,-5.14335e-05,0.00423995,0.021585,0.00169834,3.47387e-05,-3.92679e-06,0.167779,0.167901,-0.566374,0.230693
2070,0,-5.0077e-05,0.00416956,0.0213578,0.000901033,-4.02228e-05,4.56187e-05,0.167842,0.167863,0.230774,-0.566479
2075,0,-4.71014e-05,0.00397929,0.0212066,4.22378e-05,-9.49198e-05,7.73764e-05,0.167892,0.167822,0.23094,-0.566654
2080,0,-4.34706e-05,0.00374061,0.0210874,-0.000832425,-0.000112192,8.54305e-05,-0.1678,-0.167906,0.5667,-0.230994
2085,0,-3.98224e-05,0.00350197,0.02097,-0.00156029,-0.000110333,8.33254e-05,-0.16779,-0.167896,0.566682,-0.230997
2090,0,-3.6214e-05,0.00326613,0.0208522,-0.00203181,-0.000114472,7.6387e-05,-0.167758,-0.167908,0.566667,-0.231001
2095,0,-3.26489e-05,0.00303196,0.0207342,-0.00227015,-0.000115049,7.94429e-05,-0.167757,-0.167897,0.566668,-0.231014
2100,0,-2.91159e-05,0.00279859,0.0206161,-0.00240725,-0.000111655,7.91324e-05,-0.167759,-0.167887,0.566657,-0.231011
2105,0,-2.56319e-05,0.0025655,0.0204982,-0.00234806,-0.000119385,8.17049e-05,-0.16775,-0.167899,0.566679,-0.231029
2110,0,-2.21827e-05,0.00233239,0.0203804,-0.0023696,-0.000116029,7.6281e-05,-0.167746,-0.167903,0.566661,-0.231013
2115,0,-1.87824e-05,0.00209914,0.0202626,-0.00242604,-0.000120215,6.95419e-05,-0.167723,-0.167923,0.566655,-0.231009
2120,0,-1.54171e-05,0.00186571,0.020145,-0.00239445,-0.000119691,7.96913e-05,-0.167745,-0.167903,0.566674,-0.231027
2125,0,-1.20937e-05,0.00163192,0.0200277,-0.00225458,-0.000123297,8.13961e-05,-0.167745,-0.16791,0.566689,-0.231034
2130,0,-8.80938e-06,0.00139741,0.0199104,-0.00216573,-0.000137037,7.68902e-05,-0.167711,-0.167948,0.566709,-0.23105
2135,0,-5.56419e-06,0.00116174,0.0197932,-0.00194503,-0.000134514,7.43047e-05,-0.167716,-0.167954,0.566705,-0.231035
2140,0,-2.3637e-06,0.000924401,0.0196764,-0.00152073,-0.000136394,6.40324e-05,-0.167701,-0.167987,0.566697,-0.231009
2145,0,7.97678e-07,0.000684801,0.0195597,-0.0010085,-0.000134694,6.94852e-05,-0.167722,-0.16798,0.566712,-0.231009
2150,0,3.91994e-06,0.000442303,0.0194432,-0.000374132,-0.000133927,6.51076e-05,-0.16772,-0.167992,0.566706,-0.230994
2155,0,7.00168e-06,0.000196245,0.0193267,0.000475003,-0.000141199,6.5495e-05,0.168005,0.167706,0.23101,-0.566721
2160,0,1.00387e-05,-5.36609e-05,0.0192105,0.00117016,-0.000142398,6.99847e-05,0.167992,0.167706,0.231027,-0.566726
2165,0,1.30381e-05,-0.000306807,0.0190941,0.00183331,-0.000138389,6.93261e-05,0.167974,0.167701,0.23103,-0.566705
2170,0,1.59997e-05,-0.000562501,0.0189775,0.00238988,-0.000133406,6.67388e-05,0.167955,0.167692,0.231029,-0.566676
2175,0,1.89207e-05,-0.000820087,0.0188609,0.00270096,-0.000141025,6.61935e-05,0.167962,0.167667,0.231052,-0.566681
2180,0,2.17985e-05,-0.00107893,0.0187439,0.00289527,-0.000151337,7.07913e-05,0.167967,0.167649,0.231088,-0.566704
2185,0,2.46414e-05,-0.00133844,0.0186268,0.0030113,-0.000152211,6.1913e-05,0.167982,0.167626,0.231076,-0.566684
2190,0,2.74256e-05,-0.00159669,0.0185086,0.00294809,-0.000138343,6.55504e-05,0.16795,0.167662,0.231054,-0.566666
2195,0,2.97586e-05,-0.00182372,0.0183716,0.00292975,-0.000123066,4.99986e-05,0.167951,0.167663,0.230992,-0.566606
2200,0,3.09055e-05,-0.00196363,0.0181811,0.00259806,-6.26963e-05,8.75316e-06,0.167924,0.167711,0.230781,-0.566416
2205,0,3.01525e-05,-0.00195956,0.0179029,0.00218924,4.00552e-05,-4.83214e-05,0.167845,0.167813,-0.566461,0.230803
2210,0,2.75834e-05,-0.00181092,0.0175373,0.00157696,9.92063e-05,-9.2919e-05,0.16783,0.167855,-0.566679,0.230994
2215,0,2.43725e-05,-0.00160125,0.0171359,0.00102599,0.000108904,-0.000109982,0.167853,0.167849,-0.56674,0.231038
2220,0,2.12104e-05,-0.00138333,0.0167316,0.000382804,0.000112158,-0.000113053,0.167858,0.167855,-0.566758,0.231046
2225,0,1.81755e-05,-0.00116257,0.0163272,-0.00033929,0.000119151,-0.000108532,-0.167877,-0.167835,-0.23105,0.566763
2230,0,1.52614e-05,-0.000939401,0.0159232,-0.000783692,0.000125757,-0.000119618,-0.167866,-0.167841,-0.231088,0.566795
2235,0,1.24737e-05,-0.000714782,0.0155194,-0.00121794,0.000130583,-0.000118797,-0.167872,-0.167825,-0.231101,0.566798
2240,0,9.80962e-06,-0.00048947,0.0151154,-0.00132474,0.000119651,-0.000119276,-0.167848,-0.167846,-0.231082,0.566776
2245,0,7.26432e-06,-0.000263956,0.0147112,-0.0013662,0.000115317,-0.000119971,-0.167837,-0.167855,-0.231076,0.566768
2250,0,4.84195e-06,-3.85079e-05,0.0143071,-0.00145194,0.000125895,-0.000121413,-0.167854,-0.167836,-0.231101,0.56679
2255,0,2.5467e-06,0.000186746,0.0139028,-0.00149361,0.000121309,-0.000124014,-0.167839,-0.167849,-0.231098,0.566786
2260,0,3.68804e-07,0.000411767,0.0134987,-0.00139057,0.000129623,-0.000135747,-0.167834,-0.167858,-0.231135,0.566827
2265,0,-1.68337e-06,0.000636424,0.0130943,-0.00134952,0.000136771,-0.00013371,-0.167853,-0.16784,-0.231145,0.566838
2270,0,-3.60981e-06,0.000860536,0.0126901,-0.00126976,0.000130027,-0.000142512,-0.167823,-0.167872,-0.231148,0.566843
2275,0,-5.4203e-06,0.00108386,0.0122857,-0.00100734,0.000129608,-0.000135041,-0.16784,-0.167862,-0.231129,0.566831
2280,0,-7.10506e-06,0.00130612,0.0118813,-0.000601582,0.000136077,-0.000145569,-0.167836,-0.167874,-0.231158,0.566868
2285,0,-8.66549e-06,0.00152706,0.011477,-0.000110641,0.000137325,-0.000146885,-0.167838,-0.167876,-0.231161,0.566876
2290,0,-1.01002e-05,0.0017464,0.0110731,0.00049319,0.000136113,-0.000139673,0.167863,0.167849,-0.566858,0.231146
2295,0,-1.14148e-05,0.00196411,0.0106695,0.00108099,0.000131841,-0.000150258,0.167887,0.167814,-0.566865,0.231164
2300,0,-1.26008e-05,0.00218061,0.0102661,0.00155368,0.000148204,-0.000155693,0.167858,0.167828,-0.5669,0.231214
2305,0,-1.36695e-05,0.00239632,0.00986293,0.0018609,0.000140603,-0.000155424,0.167866,0.167808,-0.566879,0.231205
2310,0,-1.46111e-05,0.00261165,0.00946033,0.00206618,0.00014465,-0.000156191,0.167855,0.167809,-0.566883,0.231219
2315,0,-1.54241e-05,0.00282692,0.00905769,0.00210545,0.000140415,-0.000162126,0.167874,0.167788,-0.566886,0.231224
2320,0,-1.6117e-05,0.00304242,0.00865513,0.00217479,0.000145069,-0.000166584,0.167872,0.167787,-0.566902,0.231243
2325,0,-1.66688e-05,0.00325467,0.00825499,0.0020328,0.000146543,-0.000159217,0.167858,0.167808,-0.566894,0.231228
2330,0,-1.69391e-05,0.00343006,0.00787792,0.00177819,9.72012e-05,-0.000151214,0.167945,0.167732,-0.566786,0.231109
2335,0,-1.67862e-05,0.00352155,0.00755315,0.00130026,5.12954e-05,-0.000118571,0.16798,0.167714,-0.56664,0.230945
2340,0,-1.60988e-05,0.00348164,0.00730969,0.000773116,-2.54739e-05,-6.46868e-05,0.566489,-0.230782,-0.167931,-0.167776
2345,0,-1.48164e-05,0.00327822,0.00716798,1.84493e-05,-0.000125598,-4.69718e-06,0.566572,-0.230857,-0.167618,-0.168096
2350,0,-1.29661e-05,0.00291598,0.00712444,-0.000989013,-0.000224157,4.62152e-05,-0.1675,-0.168203,0.566843,-0.23114
2355,0,-1.06681e-05,0.00243661,0.00715385,-0.00183716,-0.000260145,8.1299e-05,-0.167484,-0.168191,0.566969,-0.231295
2360,0,-8.26176e-06,0.00193543,0.00719726,-0.00237735,-0.000269399,7.01166e-05,-0.16743,-0.168218,0.566952,-0.231304
2365,0,-5.8352e-06,0.00143507,0.0072408,-0.00278874,-0.000266295,7.45595e-05,-0.167432,-0.168191,0.566942,-0.231319
2370,0,-3.38908e-06,0.000935214,0.0072847,-0.00297738,-0.000280628,7.993e-05,-0.167408,-0.168202,0.566975,-0.231365
2375,0,-9.22009e-07,0.000435599,0.00732869,-0.0030632,-0.000281264,7.42896e-05,-0.167393,-0.168212,0.566962,-0.231358
2380,0,1.55764e-06,-6.39469e-05,0.00737308,-0.00301711,-0.000278895,8.2994e-05,-0.167416,-0.168191,0.566976,-0.231369
2385,0,4.06103e-06,-0.000563538,0.00741778,-0.00296177,-0.00029068,6.68712e-05,-0.167363,-0.168249,0.56697,-0.231358
2390,0,6.57979e-06,-0.00106323,0.00746298,-0.00287297,-0.000291912,7.06196e-05,-0.167371,-0.168247,0.566983,-0.231365
2395,0,9.11811e-06,-0.00156309,0.00750826,-0.00268442,-0.000300895,8.1277e-05,-0.16738,-0.16825,0.567028,-0.231398
2400,0,1.16718e-05,-0.00206317,0.00755386,-0.00246118,-0.00030408,7.61141e-05,-0.167371,-0.168273,0.56703,-0.231387
2405,0,1.42423e-05,-0.00256364,0.00759973,-0.00226905,-0.000306766,8.25881e-05,-0.167383,-0.168271,0.567054,-0.2314
2410,0,1.68309e-05,-0.00306472,0.00764546,-0.00182543,-0.000313583,7.57225e-05,-0.167367,-0.168308,0.567065,-0.231389
2415,0,1.9432e-05,-0.00356662,0.00769114,-0.0013727,-0.000313947,8.45085e-05,-0.167392,-0.1683,0.567091,-0.231399
2420,0,2.20528e-05,-0.00406962,0.00773656,-0.000666697,-0.000319789,8.63659e-05,-0.167392,-0.168317,0.567115,-0.231406
2425,0,2.46903e-05,-0.00457402,0.00778113,3.60203e-05,-0.000312374,8.45678e-05,0.168308,0.167406,0.231385,-0.567099
2430,0,2.73404e-05,-0.00507997,0.00782503,0.000816258,-0.000321479,7.51289e-05,0.168341,0.167366,0.231388,-0.567095
2435,0,3.0017e-05,-0.00558726,0.0078679,0.00140008,-0.000313209,7.71057e-05,0.168313,0.167378,0.231383,-0.567075
2440,0,3.27034e-05,-0.00609563,0.0079097,0.00185854,-0.000328013,7.86987e-05,0.16833,0.167343,0.231424,-0.567098
2445,0,3.54093e-05,-0.00660481,0.00795096,0.00226507,-0.000330287,8.86659e-05,0.168305,0.167349,0.231459,-0.567113
2450,0,3.81349e-05,-0.00711456,0.00799146,0.0024231,-0.000338283,8.66663e-05,0.168321,0.167325,0.231475,-0.56712
2455,0,4.08771e-05,-0.00762464,0.00803143,0.00251496,-0.000339979,7.15269e-05,0.168351,0.167289,0.231451,-0.567091
2460,0,4.36376e-05,-0.00813479,0.00807104,0.00247528,-0.000340914,9.20289e-05,0.168314,0.167328,0.231492,-0.567135
2465,0,4.63924e-05,-0.00864134,0.00810854,0.00236731,-0.000329735,7.17749e-05,0.168335,0.167314,0.231427,-0.567075
2470,0,4.88413e-05,-0.00911123,0.00812405,0.00193716,-0.000325133,5.6837e-05,0.168366,0.167304,0.231377,-0.567048
2475,0,5.05289e-05,-0.00949694,0.00808842,0.00168767,-0.000262,2.90513e-05,0.168301,0.16738,0.231192,-0.566873
2480,0,5.10025e-05,-0.00975071,0.00797349,0.000982211,-0.000171542,-2.81515e-05,0.566703,-0.231,-0.167568,-0.168135
2485,0,4.99687e-05,-0.00984037,0.00775923,0.000302699,-8.11712e-05,-9.37104e-05,0.566659,-0.230946,-0.167881,-0.167832
2490,0,4.75058e-05,-0.00976908,0.00744916,-0.000740122,9.09052e-06,-0.000135879,-0.167604,-0.168104,-0.23089,0.566597
2495,0,4.4086e-05,-0.00957841,0.00706851,-0.001663,3.36421e-05,-0.000181587,-0.167549,-0.168133,-0.231041,0.566723
2500,0,4.05824e-05,-0.00936423,0.00667553,-0.00233667,5.24172e-05,-0.000173223,-0.167586,-0.168064,-0.231078,0.566728
2505,0,3.71961e-05,-0.0091496,0.00628339,-0.00258527,4.84992e-05,-0.00018406,-0.16755,-0.168086,-0.231099,0.566734
2510,0,3.39299e-05,-0.00893491,0.00589219,-0.00276784,5.33833e-05,-0.000180412,-0.167561,-0.168063,-0.231107,0.566731
2515,0,3.07797e-05,-0.00872046,0.00550085,-0.00275683,6.35882e-05,-0.000191224,-0.16756,-0.168065,-0.231148,0.566773
2520,0,2.77483e-05,-0.0085064,0.00510956,-0.00273826,5.85494e-05,-0.000187431,-0.167559,-0.168068,-0.23113,0.566756
2525,0,2.48272e-05,-0.00829281,0.00471783,-0.00272463,6.71706e-05,-0.000186423,-0.167578,-0.168049,-0.231144,0.566772
2530,0,2.20318e-05,-0.00807974,0.00432587,-0.00257331,5.93864e-05,-0.000198675,-0.167543,-0.168094,-0.231149,0.566785
2535,0,1.93496e-05,-0.00786717,0.00393341,-0.0024225,6.55096e-05,-0.000195923,-0.167565,-0.168081,-0.231151,0.566796
2540,0,1.6789e-05,-0.00765511,0.00354069,-0.00223204,6.64877e-05,-0.000200435,-0.167563,-0.168093,-0.231157,0.566812
2545,0,1.43386e-05,-0.00744358,0.0031473,-0.00196567,6.45507e-05,-0.000199231,-0.167568,-0.168101,-0.231144,0.566813
2550,0,1.20099e-05,-0.00723262,0.00275315,-0.00142563,5.86684e-05,-0.000196407,-0.167573,-0.168117,-0.231116,0.566806
2555,0,9.80543e-06,-0.00702219,0.00235802,-0.00102168,7.06861e-05,-0.000211374,-0.167573,-0.168129,-0.231163,0.566865
2560,0,7.70716e-06,-0.00681226,0.0019619,-0.000382183,7.33509e-05,-0.000204972,-0.167596,-0.168116,-0.231151,0.566863
2565,0,5.73043e-06,-0.00660275,0.00156458,0.000500456,6.74818e-05,-0.000208546,0.168135,0.167577,-0.566858,0.231147
2570,0,3.86825e-06,-0.0063935,0.001166,0.00114865,6.36638e-05,-0.000211343,0.168141,0.167557,-0.56685,0.231151
2575,0,2.12481e-06,-0.00618429,0.000766262,0.00181322,6.78057e-05,-0.000217592,0.168134,0.167542,-0.566859,0.231183
2580,0,5.01517e-07,-0.00597492,0.000365764,0.00234298,6.44475e-05,-0.000219603,0.168132,0.167518,-0.566843,0.231193
2585,0,-1.00723e-06,-0.00576526,-3.51369e-05,0.00273829,7.57709e-05,-0.000214913,0.168088,0.167538,-0.566845,0.231218
2590,0,-2.407e-06,-0.00555522,-0.000436351,0.00294511,7.3331e-05,-0.000219402,0.168095,0.167518,-0.566842,0.231229
2595,0,-3.68385e-06,-0.00534476,-0.000837699,0.0030569,7.79798e-05,-0.000230266,0.168104,0.167501,-0.566869,0.231264
2600,0,-4.84753e-06,-0.00513387,-0.00123873,0.00294659,8.54292e-05,-0.000230224,0.168093,0.16752,-0.566887,0.231275
2605,0,-5.89108e-06,-0.00492658,-0.00163709,0.00280515,7.11903e-05,-0.000242427,0.16815,0.167472,-0.566888,0.231266
2610,0,-6.80611e-06,-0.00475718,-0.00201148,0.00249154,4.74879e-05,-0.000217118,0.168156,0.167485,-0.566801,0.231159
2615,0,-7.63591e-06,-0.00467307,-0.00233245,0.00204604,-1.8743e-05,-0.000182904,0.566688,-0.231023,-0.168157,-0.167508
2620,0,-8.44197e-06,-0.00470704,-0.00257988,0.00135311,-8.02206e-05,-0.000142123,0.566743,-0.23105,-0.167969,-0.167724
2625,0,-9.27318e-06,-0.00485812,-0.00275414,0.000448646,-0.000146367,-8.92001e-05,0.566778,-0.231066,-0.167743,-0.167969
2630,0,-1.01561e-05,-0.00512132,-0.00285821,-0.000495651,-0.000203838,-6.25568e-05,0.231128,-0.566839,0.168135,0.167576
2635,0,-1.10851e-05,-0.00547292,-0.00290671,-0.00155934,-0.000251025,-4.30098e-05,0.231195,-0.566881,0.168254,0.167432
2640,0,-1.20378e-05,-0.00585205,-0.00293724,-0.00218875,-0.000252845,-4.69721e-05,0.231221,-0.566879,0.168236,0.167422
2645,0,-1.30199e-05,-0.00623209,-0.00296661,-0.00274736,-0.000262634,-4.01162e-05,0.231243,-0.566869,0.168253,0.167373
2650,0,-1.40257e-05,-0.0066124,-0.00299491,-0.00294358,-0.000255647,-4.00548e-05,0.231235,-0.566848,0.168233,0.16738
2655,0,-1.50511e-05,-0.00699282,-0.00302285,-0.00298515,-0.000259394,-4.19485e-05,0.231248,-0.566858,0.168235,0.167375
2660,0,-1.61058e-05,-0.00737319,-0.00305061,-0.002747,-0.000258223,-4.41814e-05,0.231242,-0.566868,0.168236,0.16739
2665,0,-1.71815e-05,-0.00775334,-0.00307882,-0.00240194,-0.000274088,-3.30434e-05,0.231241,-0.566888,0.1683,0.167347
2670,0,-1.82907e-05,-0.00813314,-0.00310774,-0.00186893,-0.000266353,-5.13436e-05,0.231248,-0.566922,0.168262,0.167411
2675,0,-1.94153e-05,-0.00851242,-0.00313796,-0.00103967,-0.000277322,-4.06033e-05,0.231235,-0.566936,0.168319,0.167383
2680,0,-2.04938e-05,-0.00887879,-0.00316237,-9.10238e-05,-0.000263363,-3.59497e-05,0.231192,-0.566906,0.168307,0.167407
2685,0,-2.12453e-05,-0.00918941,-0.00315513,0.00104476,-0.000221809,5.60754e-07,0.168288,0.167414,0.231046,-0.566747
2690,0,-2.15583e-05,-0.00942992,-0.00310761,0.00196555,-0.000196483,1.38064e-05,0.168195,0.167474,0.231038,-0.566707
2695,0,-2.17496e-05,-0.00965261,-0.00305115,0.00242491,-0.000191582,1.29227e-05,0.168176,0.16747,0.231039,-0.566684
2700,0,-2.19159e-05,-0.00987511,-0.00299509,0.00268843,-0.000200031,4.6231e-06,0.168201,0.167429,0.231047,-0.566676
2705,0,-2.20668e-05,-0.0100977,-0.00293948,0.00254742,-0.000191211,1.69859e-05,0.168163,0.167475,0.231049,-0.566688
2710,0,-2.22023e-05,-0.0103204,-0.00288337,0.00237041,-0.000210314,1.93882e-05,0.168201,0.167447,0.231087,-0.566735
2715,0,-2.23182e-05,-0.0105435,-0.00282642,0.00181172,-0.000198053,2.07682e-05,0.168188,0.167488,0.231052,-0.566727
2720,0,-2.24146e-05,-0.0107669,-0.00276831,0.00140006,-0.000206056,1.05427e-05,0.168232,0.167459,0.23104,-0.566731
2725,0,-2.2497e-05,-0.0109907,-0.00270863,0.000812959,-0.000201293,1.47417e-05,0.168222,0.167485,0.231031,-0.566737
2730,0,-2.25655e-05,-0.011215,-0.00264712,-2.90997e-05,-0.00020619,1.35625e-05,-0.167477,-0.168238,0.566749,-0.231034
2735,0,-2.26116e-05,-0.0114397,-0.00258359,-0.000625147,-0.000205545,1.61878e-05,-0.167481,-0.168229,0.56675,-0.23104
2740,0,-2.26451e-05,-0.0116647,-0.002519,-0.00108818,-0.000218626,2.85098e-05,-0.167474,-0.168226,0.566796,-0.231095
2745,0,-2.26563e-05,-0.0118898,-0.00245315,-0.00113627,-0.000210916,2.36856e-05,-0.16748,-0.16822,0.56677,-0.231071
2750,0,-2.26577e-05,-0.012115,-0.00238743,-0.00116337,-0.000211802,1.5149e-05,-0.167461,-0.168238,0.566755,-0.231056
2755,0,-2.26409e-05,-0.01234,-0.00232194,-0.000851939,-0.000220646,2.54403e-05,-0.167467,-0.168239,0.566796,-0.231091
2760,0,-2.26074e-05,-0.0125648,-0.00225753,-0.000448759,-0.000203778,1.03178e-05,-0.167474,-0.168238,0.566736,-0.231024
2765,0,-2.25599e-05,-0.0127893,-0.00219472,0.000218584,-0.000208042,1.6839e-05,0.168235,0.167479,0.231045,-0.566758
2770,0,-2.24984e-05,-0.0130135,-0.00213423,0.000802305,-0.000221158,2.79391e-05,0.168235,0.167471,0.231096,-0.566803
2775,0,-2.24146e-05,-0.0132369,-0.00207531,0.0011446,-0.000218277,2.06603e-05,0.16824,0.167459,0.23108,-0.566779
2780,0,-2.2342e-05,-0.0134538,-0.00202149,0.00136278,-0.00021936,1.16323e-05,0.168257,0.167436,0.231067,-0.56676
2785,0,-2.23028e-05,-0.0136551,-0.0019775,0.00134939,-0.000195526,1.83615e-05,0.168196,0.167496,0.231033,-0.566726
2790,0,-2.24006e-05,-0.0138188,-0.00195645,0.0011415,-0.000172,-1.38301e-05,0.566674,-0.230975,-0.167537,-0.168162
2795,0,-2.27108e-05,-0.013923,-0.00197138,0.000761717,-0.000155226,-3.05474e-05,0.566678,-0.23097,-0.167607,-0.1681
2800,0,-2.31885e-05,-0.0139815,-0.00201251,3.2246e-05,-0.000115977,-3.74382e-05,0.566617,-0.230903,-0.167702,-0.168012
2805,0,-2.38423e-05,-0.0139962,-0.00207791,-0.000861422,-9.91694e-05,-5.68228e-05,0.230912,-0.566618,0.167936,0.167769
2810,0,-2.45883e-05,-0.0139847,-0.00215672,-0.00175863,-9.12696e-05,-4.75039e-05,0.230892,-0.56657,0.167925,0.167753
2815,0,-2.53357e-05,-0.0139725,-0.00223356,-0.00238002,-9.02433e-05,-7.04155e-05,0.23095,-0.566598,0.167863,0.167785
2820,0,-2.60747e-05,-0.0139607,-0.00230893,-0.00275092,-0.000101636,-7.06698e-05,0.230985,-0.56661,0.167874,0.167752
2825,0,-2.68235e-05,-0.013949,-0.00238323,-0.00283584,-8.98395e-05,-6.14427e-05,0.230946,-0.566566,0.167866,0.167754
2830,0,-2.75639e-05,-0.0139374,-0.00245802,-0.00270034,-9.5649e-05,-5.76142e-05,0.230945,-0.566574,0.16789,0.167739
2835,0,-2.82973e-05,-0.0139258,-0.00253348,-0.00242487,-0.000104456,-6.37591e-05,0.230967,-0.566612,0.167903,0.167742
2840,0,-2.90349e-05,-0.0139137,-0.00261059,-0.00181093,-8.66318e-05,-6.32485e-05,0.230915,-0.566591,0.167884,0.167792
2845,0,-2.96426e-05,-0.0138853,-0.00267993,-0.00112989,-6.58576e-05,-5.63762e-05,0.230849,-0.566548,0.167868,0.167831
2850,0,-2.9746e-05,-0.013796,-0.00271493,-0.000132794,-2.36984e-05,-3.35162e-05,0.230713,-0.566427,0.167838,0.167876
2855,0,-2.89846e-05,-0.0135984,-0.00268717,0.000971818,4.93548e-05,1.50581e-05,-0.230733,0.566436,-0.167919,-0.167784
2860,0,-2.74004e-05,-0.0132941,-0.00259736,0.00199084,8.29331e-05,4.56156e-05,-0.230877,0.566545,-0.167908,-0.16776
2865,0,-2.57213e-05,-0.0129706,-0.00249825,0.00251632,7.68767e-05,3.54466e-05,-0.230859,0.566499,-0.167902,-0.167738
2870,0,-2.40882e-05,-0.0126469,-0.00240058,0.00291595,8.85914e-05,4.34179e-05,-0.23091,0.566525,-0.167896,-0.167718
2875,0,-2.25138e-05,-0.0123233,-0.00230326,0.00309954,9.75253e-05,4.50238e-05,-0.230938,0.566539,-0.167904,-0.167697
2880,0,-2.09855e-05,-0.0119996,-0.00220625,0.00310567,9.16766e-05,4.0805e-05,-0.230918,0.566519,-0.167901,-0.1677
2885,0,-1.95145e-05,-0.0116761,-0.00210844,0.00298648,9.67825e-05,4.22878e-05,-0.230927,0.566537,-0.167912,-0.167697
2890,0,-1.80909e-05,-0.0113528,-0.00201018,0.00270188,9.63347e-05,4.90458e-05,-0.23093,0.566559,-0.167908,-0.167721
2895,0,-1.67233e-05,-0.0110297,-0.00191076,0.00243276,0.000100752,4.41356e-05,-0.230921,0.566566,-0.167934,-0.167711
2900,0,-1.54031e-05,-0.0107068,-0.00181067,0.00221021,0.000111433,4.37344e-05,-0.230935,0.566592,-0.167962,-0.167695
2905,0,-1.41319e-05,-0.0103841,-0.0017096,0.00204339,0.000105258,4.66886e-05,-0.230924,0.56659,-0.167948,-0.167717
2910,0,-1.29193e-05,-0.0100616,-0.00160727,0.00146006,0.000110091,4.62995e-05,-0.230921,0.566611,-0.167971,-0.167719
2915,0,-1.17528e-05,-0.00973939,-0.00150365,0.000952207,0.000114865,5.69307e-05,-0.230945,0.566648,-0.167966,-0.167737
2920,0,-1.06338e-05,-0.00941739,-0.00139855,0.000289713,0.000110828,5.44667e-05,-0.230927,0.56664,-0.167968,-0.167745
2925,0,-9.57074e-06,-0.00909563,-0.00129171,-0.000465631,0.000111324,5.47605e-05,-0.566641,0.230929,0.167744,0.167968
2930,0,-8.55234e-06,-0.0087741,-0.00118312,-0.00122123,0.000116285,4.69332e-05,-0.566628,0.230931,0.167711,0.167985
2935,0,-7.58562e-06,-0.00845271,-0.0010732,-0.00181604,0.000117175,6.08291e-05,-0.566646,0.230971,0.167727,0.167949
2940,0,-6.66641e-06,-0.00813141,-0.000962064,-0.00243985,0.000127259,5.58602e-05,-0.566641,0.230996,0.167681,0.167963
2945,0,-5.7891e-06,-0.0078101,-0.000849947,-0.00297589,0.000127031,4.75195e-05,-0.566607,0.230997,0.167648,0.167962
2950,0,-4.97326e-06,-0.00748877,-0.000737697,-0.00316166,0.000130242,4.7122e-05,-0.566606,0.231009,0.167634,0.167963
2955,0,-4.19794e-06,-0.00716734,-0.000625044,-0.00318778,0.000128352,4.76013e-05,-0.566602,0.231007,0.167638,0.167957
2960,0,-3.4729e-06,-0.00684581,-0.000512525,-0.00331308,0.000137717,5.95297e-05,-0.56664,0.231054,0.167638,0.167947
2965,0,-2.79397e-06,-0.00652414,-0.000400364,-0.00319717,0.00013241,5.95342e-05,-0.566633,0.231039,0.167653,0.167941
2970,0,-2.17231e-06,-0.00620351,-0.000289544,-0.00284927,0.000123526,5.36169e-05,-0.566616,0.230997,0.167671,0.167948
2975,0,-1.6694e-06,-0.00590894,-0.000195712,-0.00248222,0.000115075,4.6126e-05,-0.566597,0.230954,0.167685,0.167957
2980,0,-1.40537e-06,-0.00568691,-0.0001477,-0.0018515,6.21995e-05,1.7759e-05,-0.566452,0.230778,0.167749,0.167925
2985,0,-1.47521e-06,-0.00558483,-0.000174746,-0.00114173,-1.394e-05,-2.98911e-05,0.230694,-0.566393,0.167818,0.167881
2990,0,-1.89152e-06,-0.00561217,-0.000283197,-0.000295536,-7.63766e-05,-6.9779e-05,0.230889,-0.566602,0.16787,0.167844
2995,0,-2.47546e-06,-0.00569686,-0.000427991,0.000544653,-9.27762e-05,-8.3278e-05,0.56666,-0.230949,-0.167837,-0.167874
3000,0,-3.1013e-06,-0.0057866,-0.000577256,0.00123121,-8.99391e-05,-8.48143e-05,0.56665,-0.230954,-0.167838,-0.167858
3005,0,-3.73134e-06,-0.00587622,-0.000727236,0.00162489,-8.9242e-05,-9.25312e-05,0.566658,-0.230974,-0.167848,-0.167835
3010,0,-4.37954e-06,-0.0059657,-0.000877708,0.00198442,-9.88524e-05,-9.2949e-05,0.56667,-0.231002,-0.167822,-0.167846
3015,0,-5.0501e-06,-0.00605504,-0.00102858,0.00205237,-0.000100515,-9.21059e-05,0.56667,-0.231005,-0.167816,-0.167849
3020,0,-5.73182e-06,-0.00614426,-0.00117937,0.00212916,-9.71876e-05,-8.45768e-05,0.566647,-0.230985,-0.167806,-0.167855
3025,0,-6.4359e-06,-0.00623336,-0.00133047,0.00207312,-9.22926e-05,-9.8453e-05,0.566666,-0.231002,-0.167844,-0.16782
3030,0,-7.15256e-06,-0.00632236,-0.00148125,0.00212541,-9.46965e-05,-9.94665e-05,0.566671,-0.23101,-0.16784,-0.167821
3035,0,-7.89016e-06,-0.00641128,-0.00163221,0.00202834,-9.30224e-05,-9.38191e-05,0.566659,-0.230993,-0.167835,-0.167831
3040,0,-8.64314e-06,-0.00650012,-0.00178309,0.00188009,-0.000103909,-9.36278e-05,0.566684,-0.231011,-0.167816,-0.167857
3045,0,-9.40729e-06,-0.00658893,-0.00193365,0.00166078,-9.11931e-05,-8.89428e-05,0.566654,-0.230972,-0.167837,-0.167845
3050,0,-1.01938e-05,-0.00667777,-0.00208394,0.00143068,-9.47141e-05,-0.000100137,0.566687,-0.230997,-0.167856,-0.167834
3055,0,-1.09971e-05,-0.00676673,-0.00223352,0.000952204,-0.000105878,-0.000103106,0.566722,-0.231018,-0.167846,-0.167857
3060,0,-1.18143e-05,-0.0068559,-0.00238234,0.000391722,-9.61407e-05,-0.000107997,0.566716,-0.231004,-0.16788,-0.167833
3065,0,-1.26553e-05,-0.00694542,-0.00253022,-0.000194754,-0.000105955,-9.53321e-05,0.230998,-0.566711,0.167878,0.167836
3070,0,-1.35046e-05,-0.00703538,-0.00267676,-0.000808604,-0.000105439,-0.000107483,0.231024,-0.566731,0.167849,0.167857
3075,0,-1.43778e-05,-0.00712577,-0.00282213,-0.00133656,-9.61859e-05,-9.71977e-05,0.230992,-0.566686,0.167845,0.167849
3080,0,-1.52607e-05,-0.00721655,-0.0029667,-0.00184857,-9.60782e-05,-0.00010545,0.231018,-0.566692,0.167819,0.167856
3085,0,-1.61645e-05,-0.00730768,-0.00311078,-0.00213403,-0.000102121,-0.000113596,0.231053,-0.566714,0.167808,0.167853
3090,0,-1.70865e-05,-0.00739908,-0.00325441,-0.00228093,-9.37942e-05,-0.000105268,0.231024,-0.566677,0.167804,0.167849
3095,0,-1.80267e-05,-0.00749067,-0.00339764,-0.00241487,-0.000108358,-0.000104804,0.231055,-0.566701,0.16783,0.167816
3100,0,-1.89822e-05,-0.00758238,-0.00354092,-0.00230559,-0.00011012,-0.000110832,0.231067,-0.566719,0.167825,0.167827
3105,0,-1.98847e-05,-0.00766288,-0.00367744,-0.00211708,-9.76423e-05,-0.000103663,0.231024,-0.566685,0.167819,0.167843
3110,0,-2.0491e-05,-0.00769008,-0.0037816,-0.00181192,-4.60969e-05,-7.82219e-05,0.230865,-0.56654,0.167774,0.167901
3115,0,-2.04938e-05,-0.00761649,-0.00382479,-0.00126923,2.22132e-05,-2.62092e-05,-0.16784,-0.167856,-0.230705,0.566401
3120,0,-1.97114e-05,-0.00740957,-0.00378665,-0.000622648,9.26245e-05,4.01962e-07,-0.566496,0.230786,0.167673,0.168037
3125,0,-1.83284e-05,-0.00709324,-0.00368299,0.000160216,0.000128137,4.43321e-05,-0.230941,0.566655,-0.168022,-0.167692
3130,0,-1.68197e-05,-0.00674398,-0.00356032,0.000770538,0.00014752,4.76912e-05,-0.230989,0.566696,-0.168051,-0.167656
3135,0,-1.53724e-05,-0.00639418,-0.00343828,0.00113916,0.000141691,3.95012e-05,-0.230965,0.566665,-0.168051,-0.167648
3140,0,-1.39852e-05,-0.00604419,-0.00331646,0.00134741,0.000150761,4.16957e-05,-0.230991,0.566684,-0.168062,-0.167631
3145,0,-1.26595e-05,-0.00569415,-0.00319491,0.00144062,0.000165508,4.0695e-05,-0.231019,0.566709,-0.168092,-0.167598
3150,0,-1.1405e-05,-0.00534413,-0.00307328,0.00144531,0.000156795,4.28091e-05,-0.231006,0.566696,-0.16807,-0.16762
3155,0,-1.0205e-05,-0.00499418,-0.00295146,0.00134178,0.000164812,3.83295e-05,-0.231012,0.566705,-0.168096,-0.167597
3160,0,-9.07481e-06,-0.00464431,-0.00282955,0.00142239,0.000163241,5.2753e-05,-0.231038,0.566729,-0.168064,-0.167627
3165,0,-8.00472e-06,-0.00429453,-0.00270747,0.00128717,0.000172421,3.85283e-05,-0.231026,0.566721,-0.168112,-0.167583
3170,0,-6.99889e-06,-0.00394486,-0.00258498,0.00119978,0.000164163,4.56008e-05,-0.231023,0.56672,-0.168083,-0.167614
3175,0,-6.05173e-06,-0.00359534,-0.00246236,0.000957927,0.0001722,5.63051e-05,-0.231057,0.56676,-0.168081,-0.167623
3180,0,-5.17303e-06,-0.00324602,-0.00233956,0.000669292,0.000167041,5.54942e-05,-0.231042,0.566751,-0.168075,-0.167634
3185,0,-4.3558e-06,-0.00289694,-0.0022164,0.000227807,0.00017708,5.65146e-05,-0.231062,0.566775,-0.168095,-0.167619
3190,0,-3.59444e-06,-0.00254815,-0.00209257,-0.000368346,0.00018139,6.29509e-05,-0.566796,0.231083,0.167622,0.16809
3195,0,-2.90154e-06,-0.00219963,-0.00196865,-0.000795075,0.000180174,6.24206e-05,-0.56679,0.231083,0.167621,0.168086
3200,0,-2.2701e-06,-0.00185131,-0.00184447,-0.00134454,0.000184607,6.33043e-05,-0.566793,0.2311,0.167607,0.168086
3205,0,-1.70013e-06,-0.00150311,-0.00172006,-0.00157909,0.000188687,5.02995e-05,-0.566772,0.231087,0.167569,0.168116
3210,0,-1.19442e-06,-0.00115495,-0.00159582,-0.00186688,0.000188952,5.42285e-05,-0.566774,0.231101,0.16757,0.168103
3215,0,-7.48783e-07,-0.000806776,-0.00147164,-0.00203474,0.000187996,6.2041e-05,-0.566784,0.231118,0.167584,0.168082
3220,0,-3.68804e-07,-0.00045854,-0.00134768,-0.00198639,0.000192735,6.06876e-05,-0.566792,0.231124,0.167573,0.168095
3225,0,-5.16884e-08,-0.000110207,-0.00122394,-0.00194004,0.000190043,7.42751e-05,-0.566814,0.231144,0.167606,0.168064
3230,0,2.05357e-07,0.000238197,-0.00110029,-0.00160313,0.000201733,6.18783e-05,-0.56682,0.231136,0.167566,0.168119
3235,0,3.96743e-07,0.000572481,-0.000985354,-0.0013047,0.000185505,5.54331e-05,-0.56678,0.231086,0.16759,0.168104
3240,0,5.12693e-07,0.000848982,-0.000906497,-0.000818815,0.000144999,3.23623e-05,-0.566661,0.230954,0.167631,0.168076
3245,0,5.99306e-07,0.00102038,-0.000892684,-0.000137443,7.89961e-05,-2.03679e-05,-0.167973,-0.167741,-0.230796,0.56651
3250,0,6.70552e-07,0.00105442,-0.000963584,0.000598933,-6.79804e-06,-6.51017e-05,0.566454,-0.230744,-0.16797,-0.16774
3255,0,7.26432e-07,0.000986785,-0.00109729,0.00143033,-4.2717e-05,-8.77552e-05,0.56656,-0.23087,-0.167934,-0.167756
3260,0,7.65547e-07,0.000904005,-0.00124048,0.00184739,-4.10085e-05,-8.61752e-05,0.566545,-0.230871,-0.167926,-0.167748
3265,0,7.90693e-07,0.000821431,-0.00138348,0.00213204,-4.30975e-05,-8.88182e-05,0.566548,-0.230887,-0.167921,-0.16774
3270,0,7.97678e-07,0.000739023,-0.00152645,0.0022965,-4.35643e-05,-9.27057e-05,0.566552,-0.2309,-0.167923,-0.167729
3275,0,7.89296e-07,0.00065675,-0.00166968,0.00228905,-3.90989e-05,-8.94856e-05,0.566537,-0.230885,-0.167926,-0.167727
3280,0,7.65547e-07,0.000574586,-0.00181282,0.00224636,-3.97857e-05,-9.14062e-05,0.566544,-0.230889,-0.167929,-0.167726
3285,0,7.27829e-07,0.000492516,-0.00195587,0.00220047,-3.38892e-05,-8.70816e-05,0.566525,-0.230867,-0.167934,-0.167724
3290,0,6.74743e-07,0.000410511,-0.00209919,0.00214596,-3.84244e-05,-9.56316e-05,0.566552,-0.230892,-0.167943,-0.167717
3295,0,6.07688e-07,0.000328562,-0.00224246,0.00197293,-4.3543e-05,-0.00010452,0.566584,-0.230915,-0.167955,-0.167714
3300,0,5.22472e-07,0.000246638,-0.00238556,0.00185277,-4.44541e-05,-0.00010382,0.566587,-0.230913,-0.167954,-0.16772
3305,0,4.21889e-07,0.000164662,-0.00252892,0.00162681,-4.18396e-05,-9.90937e-05,0.566577,-0.230894,-0.167955,-0.167729
3310,0,3.08733e-07,8.2552e-05,-0.00267237,0.00117513,-5.47531e-05,-0.00010446,0.566621,-0.230922,-0.167947,-0.167751
3315,0,1.81608e-07,1.92784e-07,-0.00281569,0.000624601,-4.11775e-05,-0.000101441,0.566594,-0.230884,-0.167974,-0.167736
3320,0,3.63216e-08,-8.25576e-05,-0.00295919,-1.0619e-05,-4.6326e-05,-9.78787e-05,0.230885,-0.566599,0.167755,0.167959
3325,0,-1.25729e-07,-0.000165801,-0.00310251,-0.000517939,-5.14707e-05,-9.79698e-05,0.230897,-0.566608,0.167764,0.167947
3330,0,-2.98955e-07,-0.00024951,-0.00324579,-0.00118354,-5.3935e-05,-0.000103016,0.230918,-0.566616,0.167752,0.167946
3335,0,-4.88944e-07,-0.000333642,-0.00338897,-0.00155517,-4.55973e-05,-0.000104114,0.23091,-0.566596,0.167727,0.167959
3340,0,-6.97095e-07,-0.000418121,-0.00353211,-0.00182195,-4.81353e-05,-0.000106587,0.230925,-0.5666,0.167722,0.167953
3345,0,-9.16421e-07,-0.000502881,-0.00367539,-0.00205587,-4.78647e-05,-0.000115636,0.230948,-0.566612,0.167699,0.167966
3350,0,-1.15111e-06,-0.000587827,-0.00381844,-0.002103,-5.91164e-05,-0.000108164,0.230956,-0.566619,0.167734,0.167928
3355,0,-1.40117e-06,-0.000672866,-0.00396153,-0.00190936,-5.51849e-05,-0.000104927,0.230938,-0.566609,0.167738,0.167934
3360,0,-1.66381e-06,-0.000757855,-0.00410458,-0.0017583,-5.10788e-05,-0.000105599,0.230928,-0.566606,0.167731,0.167947
3365,0,-1.90688e-06,-0.000829283,-0.00423941,-0.00154843,-4.56895e-05,-9.32245e-05,0.230888,-0.566575,0.167749,0.167937
3370,0,-1.97953e-06,-0.000843625,-0.0043391,-0.00106265,1.10749e-05,-7.59021e-05,-0.167723,-0.167978,-0.230778,0.566479
3375,0,-1.76718e-06,-0.00076776,-0.0043834,-0.000409842,6.11152e-05,-4.79974e-05,-0.167882,-0.16783,-0.230816,0.566529
3380,0,-1.27545e-06,-0.000601339,-0.00437263,0.000468641,0.000105327,-1.23476e-05,0.167672,0.168039,-0.566545,0.230834
3385,0,-5.8813e-07,-0.000366521,-0.00432006,0.00127611,0.000133303,-3.99344e-06,0.167592,0.168103,-0.566576,0.230881
3390,0,1.18744e-07,-0.000116968,-0.0042589,0.00184045,0.000140587,6.72833e-06,-0.230911,0.566585,-0.168102,-0.167573
3395,0,8.01869e-07,0.000132991,-0.00419752,0.00206017,0.000140514,3.37101e-06,-0.230909,0.566574,-0.168103,-0.167562
3400,0,1.46404e-06,0.000383117,-0.00413601,0.00214738,0.000146366,1.1923e-05,-0.23094,0.5666,-0.168096,-0.167565
3405,0,2.09967e-06,0.000633235,-0.00407454,0.00214727,0.000142714,6.1425e-06,-0.230921,0.566581,-0.1681,-0.16756
3410,0,2.71434e-06,0.000883219,-0.00401281,0.00212865,0.00014182,1.0111e-05,-0.230927,0.566588,-0.168091,-0.167571
3415,0,3.30806e-06,0.00113299,-0.00395098,0.00188773,0.000140796,2.56864e-06,-0.230904,0.566577,-0.168109,-0.167563
3420,0,3.87942e-06,0.00138251,-0.00388902,0.00163026,0.000140566,1.26875e-05,-0.230918,0.566601,-0.168094,-0.167589
3425,0,4.42425e-06,0.00163175,-0.00382733,0.00143951,0.000158962,-3.8824e-06,0.167539,0.168151,-0.566624,0.230934
3430,0,4.94951e-06,0.0018807,-0.00376542,0.00107651,0.000160861,2.11792e-06,-0.230929,0.56663,-0.168164,-0.167537
3435,0,5.44963e-06,0.00212926,-0.00370386,0.000618302,0.000151312,1.25467e-05,-0.230926,0.566636,-0.168129,-0.167581
3440,0,5.93159e-06,0.0023774,-0.00364231,0.000140957,0.000160236,-4.70203e-06,0.16755,0.168164,-0.56664,0.230926
3445,0,6.38701e-06,0.00262502,-0.00358106,-0.000411366,0.00015543,7.91618e-06,-0.566636,0.230924,0.167565,0.168147
3450,0,6.81728e-06,0.00287209,-0.0035204,-0.00102798,0.000155551,1.11774e-05,-0.566638,0.230936,0.167566,0.168136
3455,0,7.22939e-06,0.00311869,-0.00346009,-0.00173039,0.00014783,1.98715e-05,-0.566628,0.230949,0.167587,0.168092
3460,0,7.61636e-06,0.00336491,-0.00340042,-0.00182717,0.00016014,1.82474e-05,-0.566647,0.230972,0.167557,0.168118
3465,0,7.98097e-06,0.00361086,-0.00334096,-0.00234428,0.000167046,8.31875e-06,-0.566629,0.230979,0.167511,0.168138
3470,0,8.32463e-06,0.00385664,-0.003282,-0.00257304,0.000168849,1.86603e-05,-0.566646,0.231009,0.167522,0.168115
3475,0,8.63755e-06,0.00410237,-0.00322308,-0.00264368,0.000171171,1.47033e-05,-0.566641,0.231008,0.167507,0.168125
3480,0,8.93511e-06,0.00434813,-0.00316438,-0.00265101,0.000162918,1.42243e-05,-0.566623,0.230991,0.167522,0.16811
3485,0,9.20193e-06,0.00459405,-0.00310577,-0.00236079,0.000170557,1.30755e-05,-0.566644,0.230996,0.167513,0.168136
3490,0,9.4478e-06,0.00484021,-0.00304699,-0.0021948,0.000179677,1.30865e-05,-0.566667,0.231009,0.1675,0.168158
3495,0,9.67132e-06,0.00508672,-0.00298785,-0.00164384,0.000168513,9.6063e-06,-0.56665,0.230968,0.167527,0.168155
3500,0,9.87388e-06,0.00533323,-0.00292826,-0.00117993,0.000186548,6.23065e-06,-0.566687,0.230989,0.167493,0.168205
3505,0,1.00611e-05,0.00555956,-0.00288069,-0.000433647,0.000155545,-1.12417e-06,-0.168161,-0.167551,-0.230911,0.566623
3510,0,1.02818e-05,0.005734,-0.00286451,0.000557804,0.000131469,-2.55552e-05,0.167646,0.168064,-0.566623,0.230912
3515,0,1.05291e-05,0.00587212,-0.00286978,0.00151263,0.000114467,-3.84609e-05,0.167694,0.167994,-0.566603,0.230915
3520,0,1.07777e-05,0.00600806,-0.00287569,0.00219463,0.000114894,-3.51663e-05,0.167671,0.167986,-0.566582,0.230925
3525,0,1.1032e-05,0.00614442,-0.00288056,0.00271216,0.000111307,-2.74979e-05,0.167649,0.167979,-0.566545,0.230917
3530,0,1.12862e-05,0.00628106,-0.00288494,0.00296937,0.000125307,-1.45529e-05,0.167587,0.168024,-0.566539,0.230928
3535,0,1.15419e-05,0.00641784,-0.00288878,0.0030915,0.000119185,-2.18262e-05,0.167609,0.167993,-0.566537,0.230935
3540,0,1.17989e-05,0.00655461,-0.00289249,0.00301677,0.000133182,-2.98284e-05,0.1676,0.168008,-0.566583,0.230975
3545,0,1.20574e-05,0.00669124,-0.00289665,0.0026981,0.000121939,-3.07263e-05,0.167634,0.167995,-0.566573,0.230944
3550,0,1.23144e-05,0.0068276,-0.0029013,0.00221585,0.000120657,-3.25572e-05,0.167654,0.168002,-0.566588,0.230931
3555,0,1.25743e-05,0.00696355,-0.0029068,0.00168882,0.000123876,-2.55117e-05,0.167646,0.168035,-0.566593,0.230912
3560,0,1.28327e-05,0.00709897,-0.0029135,0.000930494,0.000125399,-2.65111e-05,0.167657,0.168047,-0.566609,0.230905
3565,0,1.30353e-05,0.00722056,-0.00291368,-5.17078e-05,0.000100874,-1.6817e-05,-0.168023,-0.167691,-0.230832,0.566547
3570,0,1.30227e-05,0.00729616,-0.00288758,-0.000950107,8.30599e-05,4.92225e-06,-0.566483,0.230779,0.167698,0.168006
3575,0,1.28369e-05,0.0073354,-0.00284037,-0.00156739,7.84121e-05,8.35545e-06,-0.566471,0.230786,0.167704,0.167981
3580,0,1.26399e-05,0.00737169,-0.00279236,-0.0018751,6.57718e-05,9.54038e-06,-0.566442,0.230769,0.167726,0.167947
3585,0,1.24332e-05,0.00740784,-0.00274484,-0.00205169,7.2992e-05,7.36363e-06,-0.566448,0.230783,0.167703,0.167962
3590,0,1.2232e-05,0.00744403,-0.00269741,-0.00193411,7.24235e-05,1.08098e-05,-0.566457,0.230786,0.167714,0.167957
3595,0,1.20224e-05,0.0074804,-0.00264944,-0.00161281,7.26682e-05,1.90026e-06,-0.566446,0.230763,0.167702,0.167982
3600,0,1.18143e-05,0.00751707,-0.00260098,-0.00115386,7.34211e-05,6.0906e-06,-0.566464,0.230765,0.167716,0.167982
3605,0,1.1602e-05,0.00755418,-0.00255105,-0.000480829,7.26499e-05,1.36741e-05,-0.566483,0.230772,0.167739,0.167972
3610,0,1.13896e-05,0.00759181,-0.00249991,0.000321801,7.70929e-05,9.96512e-06,-0.230773,0.566486,-0.167989,-0.167724
3615,0,1.11717e-05,0.00762764,-0.00244841,0.00112123,7.92282e-05,2.04313e-05,-0.230804,0.566504,-0.167966,-0.167734
3620,0,1.10194e-05,0.00763252,-0.00241533,0.00145478,3.70098e-05,-1.06296e-05,0.167793,0.167897,-0.566396,0.230707
3625,0,1.09915e-05,0.0075771,-0.00241922,0.00165691,9.75925e-06,-2.71425e-05,0.167875,0.167807,-0.566371,0.230689
3630,0,1.10585e-05,0.00746631,-0.00245717,0.0016114,-2.55242e-05,-5.40682e-05,0.566456,-0.230772,-0.167898,-0.167786
3635,0,1.11801e-05,0.00732113,-0.00251707,0.00147356,-2.72391e-05,-5.2484e-05,0.566459,-0.23077,-0.167894,-0.167795
3640,0,1.12862e-05,0.00717402,-0.00257854,0.000816081,-3.89261e-05,-6.67477e-05,0.566519,-0.230813,-0.167908,-0.167798
3645,0,1.13896e-05,0.0070266,-0.00264099,0.000384939,-2.80945e-05,-5.7895e-05,0.566483,-0.230771,-0.167915,-0.167797
3650,0,1.1472e-05,0.00687879,-0.00270434,-0.00023988,-3.68067e-05,-4.4796e-05,0.230761,-0.566475,0.167841,0.167873
3655,0,1.15447e-05,0.0067306,-0.00276871,-0.000753739,-4.23334e-05,-5.06741e-05,0.230787,-0.566495,0.167837,0.16787
3660,0,1.1602e-05,0.00658218,-0.00283371,-0.000854083,-4.21176e-05,-5.39512e-05,0.230794,-0.5665,0.167829,0.167876
3665,0,1.16481e-05,0.0064337,-0.00289866,-0.00104424,-4.53179e-05,-6.26012e-05,0.230819,-0.566521,0.167817,0.167885
3670,0,1.16788e-05,0.00628526,-0.00296348,-0.000764094,-4.10179e-05,-5.20263e-05,0.230787,-0.566495,0.167832,0.167875
3675,0,1.16969e-05,0.00613696,-0.0030279,-0.000509793,-4.07785e-05,-6.54785e-05,0.230811,-0.566523,0.167807,0.167904
3680,0,1.17039e-05,0.00598887,-0.00309183,-0.000291266,-3.83632e-05,-5.89459e-05,0.230793,-0.566506,0.167816,0.167897
3685,0,1.16955e-05,0.00584106,-0.00315544,7.05884e-05,-4.69234e-05,-5.07516e-05,0.566507,-0.230793,-0.167865,-0.16785
3690,0,1.16746e-05,0.00569355,-0.00321829,0.000468764,-4.20078e-05,-5.53376e-05,0.566505,-0.230793,-0.167882,-0.16783
3695,0,1.16411e-05,0.00554625,-0.00328083,0.000679263,-3.56383e-05,-5.21578e-05,0.566485,-0.230776,-0.167887,-0.167822
3700,0,1.15936e-05,0.00539904,-0.00334333,0.000689555,-5.33288e-05,-5.70332e-05,0.566529,-0.230821,-0.167862,-0.167847
3705,0,1.15321e-05,0.00525179,-0.00340587,0.0006353,-4.27117e-05,-6.69975e-05,0.566529,-0.230819,-0.167903,-0.167807
3710,0,1.14581e-05,0.00510436,-0.00346872,0.000363007,-4.30135e-05,-5.70155e-05,0.566511,-0.230798,-0.167884,-0.167829
3715,0,1.13687e-05,0.0049566,-0.00353211,-0.000111103,-5.35689e-05,-5.73932e-05,0.230819,-0.566533,0.16785,0.167865
3720,0,1.12695e-05,0.00480844,-0.00359622,-0.000535742,-5.07658e-05,-5.22689e-05,0.230805,-0.566516,0.167853,0.167858
3725,0,1.11535e-05,0.00465998,-0.00366037,-0.000768267,-4.57072e-05,-6.12674e-05,0.230815,-0.566522,0.167823,0.167884
3730,0,1.10278e-05,0.00451135,-0.00372483,-0.000901898,-4.32293e-05,-5.60876e-05,0.230801,-0.566506,0.167827,0.167878
3735,0,1.08867e-05,0.00436268,-0.00378925,-0.000883874,-4.82447e-05,-5.56814e-05,0.23081,-0.566515,0.167838,0.167867
3740,0,1.07316e-05,0.00421412,-0.00385348,-0.0006188,-5.69761e-05,-6.85271e-05,0.23085,-0.56656,0.167832,0.167878
3745,0,1.0571e-05,0.00407647,-0.00391093,-0.000353875,-3.41137e-05,-5.12143e-05,0.230769,-0.566482,0.167823,0.16789
3750,0,1.04383e-05,0.00399144,-0.00393556,0.000216507,4.67834e-06,-2.37832e-05,0.167895,0.167819,-0.56637,0.230657
3755,0,1.03447e-05,0.00397356,-0.00391844,0.000656229,1.58722e-05,-1.06205e-05,0.167844,0.167865,-0.566364,0.230655
3760,0,1.0265e-05,0.00397183,-0.00389135,0.000937091,2.51691e-05,-1.5665e-05,0.167833,0.167871,-0.56639,0.230686
3765,0,1.01868e-05,0.00397022,-0.00386395,0.00087423,2.70559e-05,-1.28982e-05,0.167825,0.167881,-0.566389,0.230683
3770,0,1.01058e-05,0.00396853,-0.00383663,0.000848188,3.12682e-05,-1.53124e-05,0.167821,0.167884,-0.566402,0.230696
3775,0,1.00234e-05,0.00396658,-0.00380976,0.00040813,2.91649e-05,-1.03495e-05,0.167819,0.167893,-0.566391,0.230679
3780,0,9.94373e-06,0.0039642,-0.00378312,-0.000127781,2.94412e-05,-1.34132e-05,-0.167889,-0.167825,-0.230685,0.566399
3785,0,9.8655e-06,0.00396134,-0.00375715,-0.000545888,2.18825e-05,-1.1298e-05,-0.167876,-0.167835,-0.230667,0.566378
3790,0,9.78447e-06,0.00395827,-0.00373127,-0.000552863,3.49172e-05,-2.28482e-05,-0.167879,-0.167832,-0.230716,0.566427
3795,0,9.70485e-06,0.00395523,-0.00370538,-0.000538139,3.9467e-05,-1.51595e-05,-0.167903,-0.167807,-0.23071,0.566421
3800,0,9.61963e-06,0.00395185,-0.00367869,-4.48575e-05,2.57584e-05,-1.68779e-05,-0.167875,-0.16784,-0.230684,0.566399
3805,0,9.45339e-06,0.00392695,-0.00363815,0.000612651,-1.14171e-06,2.17454e-06,0.167853,0.167857,0.230609,-0.566319
3810,0,9.1726e-06,0.00387391,-0.00357914,0.00112956,6.01447e-06,9.42009e-06,-0.230638,0.566337,-0.167843,-0.167856
3815,0,8.89739e-06,0.00382063,-0.00351937,0.00137747,6.98918e-06,1.33259e-05,-0.230651,0.566343,-0.167834,-0.167859
3820,0,8.62079e-06,0.00376742,-0.0034596,0.00136179,4.00045e-06,1.25345e-05,-0.230644,0.566336,-0.167829,-0.167863
3825,0,8.35536e-06,0.00371411,-0.00340006,0.00115719,5.35156e-06,8.29899e-06,-0.230635,0.566334,-0.167843,-0.167855
3830,0,8.08435e-06,0.00366059,-0.00334056,0.000877015,-3.13716e-07,7.59769e-06,0.167838,0.167867,0.23062,-0.566326
3835,0,7.8259e-06,0.00360679,-0.00328128,0.000663779,-5.43888e-06,8.66607e-06,0.167848,0.167861,0.230631,-0.56634
3840,0,7.56746e-06,0.00355271,-0.00322263,0.000207559,8.07318e-06,-5.49237e-06,0.167852,0.167862,-0.566341,0.230627
3845,0,7.316e-06,0.00349833,-0.00316407,-0.000190484,-7.66428e-06,1.43866e-05,-0.16787,-0.167844,0.566358,-0.230644
3850,0,7.06874e-06,0.00344364,-0.00310586,-0.000479901,1.38387e-06,9.36595e-06,-0.566334,0.230623,0.167872,0.16784
3855,0,6.82566e-06,0.00338877,-0.00304793,-0.000706897,-4.88155e-06,4.49467e-07,-0.167845,-0.167863,0.566322,-0.230614
3860,0,6.58119e-06,0.00333383,-0.00299017,-0.000783328,-2.97259e-06,1.32927e-05,-0.167874,-0.167833,0.566343,-0.230636
3865,0,6.34789e-06,0.00327887,-0.00293224,-0.00070538,-8.68603e-06,1.37645e-05,-0.167864,-0.167844,0.566356,-0.230647
3870,0,6.11739e-06,0.00322392,-0.00287434,-0.000723615,-1.10774e-05,5.45555e-06,-0.167843,-0.167865,0.566344,-0.230636
3875,0,5.88968e-06,0.00316899,-0.00281654,-0.000731128,-3.02581e-06,6.36914e-06,-0.167861,-0.167847,0.56633,-0.230622
3880,0,5.66756e-06,0.00311411,-0.00275843,-0.00064059,-1.53026e-06,1.63001e-05,-0.167884,-0.167826,0.566347,-0.230638
3885,0,5.44824e-06,0.0030593,-0.0027004,-0.000572244,-1.13059e-05,8.22675e-06,-0.167849,-0.167861,0.566351,-0.230641
3890,0,5.2345e-06,0.00300463,-0.00264229,-0.00029494,1.36905e-06,1.5883e-05,-0.566348,0.230635,0.167885,0.167828
3895,0,5.02495e-06,0.00295014,-0.00258391,-7.51118e-05,-1.36043e-05,1.50281e-05,-0.16786,-0.167854,0.566371,-0.230657
3900,0,4.81959e-06,0.00289588,-0.00252539,0.000362381,-2.56211e-06,2.64415e-05,0.167809,0.167903,0.230658,-0.566371
3905,0,4.61563e-06,0.00284188,-0.00246643,0.000856161,-6.35494e-06,2.31135e-05,0.16782,0.167886,0.230663,-0.566368
3910,0,4.41726e-06,0.0027881,-0.00240724,0.00101266,-1.17822e-05,6.49933e-06,0.167862,0.167841,0.230642,-0.566345
3915,0,4.22588e-06,0.00273447,-0.00234796,0.00129487,-5.08414e-06,1.88023e-05,0.16782,0.167874,0.230657,-0.566352
3920,0,4.04008e-06,0.00268094,-0.00228842,0.00159416,-1.81314e-05,1.88999e-05,0.167841,0.167844,0.230688,-0.566373
3925,0,3.85428e-06,0.00262744,-0.00222878,0.00164259,-1.28439e-05,1.66972e-05,0.167834,0.167849,0.230674,-0.566357
3930,0,3.67267e-06,0.00257391,-0.00216928,0.00149695,-1.81978e-05,2.35577e-05,0.167833,0.167855,0.230696,-0.566384
3935,0,3.49805e-06,0.00252031,-0.00210987,0.00137729,-2.05609e-05,8.73586e-06,0.167869,0.167823,0.230669,-0.566361
3940,0,3.32482e-06,0.00246657,-0.0020505,0.00122171,-2.00076e-05,2.58637e-05,0.167837,0.16786,0.230699,-0.566396
3945,0,3.16277e-06,0.0024155,-0.00199333,0.000920718,-1.60349e-05,1.75583e-05,0.167849,0.167855,0.230671,-0.566376
3950,0,3.08454e-06,0.00239823,-0.00195739,0.000245752,1.15592e-05,-3.6736e-06,0.167841,0.167872,-0.566344,0.230631
3955,0,3.10689e-06,0.00242719,-0.00195055,-0.000375138,3.61735e-05,-1.66282e-05,-0.167895,-0.167818,-0.230705,0.566418
3960,0,3.13902e-06,0.0024609,-0.00194702,-0.000802219,3.19036e-05,-4.25415e-06,-0.167908,-0.167799,-0.230675,0.566382
3965,0,3.17674e-06,0.00249443,-0.00194389,-0.00115891,3.63138e-05,-7.31685e-06,-0.167906,-0.167792,-0.230694,0.566393
3970,0,3.20887e-06,0.00252786,-0.00194094,-0.00137195,3.36294e-05,-1.47104e-05,-0.167883,-0.167809,-0.230707,0.566399
3975,0,3.23961e-06,0.00256126,-0.00193803,-0.00133955,4.05212e-05,-1.36946e-05,-0.1679,-0.167794,-0.230718,0.566411
3980,0,3.27593e-06,0.00259464,-0.00193521,-0.00134637,4.52412e-05,-2.09761e-05,-0.167894,-0.167799,-0.230741,0.566434
3985,0,3.30806e-06,0.00262804,-0.0019324,-0.00130395,3.48191e-05,-7.07693e-07,-0.167914,-0.16778,-0.23068,0.566375
3990,0,3.34159e-06,0.00266146,-0.0019294,-0.00125933,3.90786e-05,-1.0375e-05,-0.167904,-0.167791,-0.230707,0.566403
3995,0,3.37372e-06,0.0026949,-0.00192636,-0.00118256,3.27677e-05,-7.78677e-06,-0.167898,-0.1678,-0.230688,0.566386
4000,0,3.40585e-06,0.0027284,-0.00192323,-0.00116465,3.74079e-05,-1.20842e-05,-0.167899,-0.167799,-0.230706,0.566404
4005,0,3.44077e-06,0.00276197,-0.00192024,-0.000897797,5.06939e-05,-5.27141e-06,-0.167942,-0.167763,-0.230715,0.56642
4010,0,-0.0183416,-0.0143484,-1.06192,-0.00278926,-8.21989e-05,-0.00753858,0.246743,-0.582366,0.152039,0.183585
