time,Vnom,I_mA,mAh_remaining
5,8.4,5.88,100
10,8.4,5.88,100
15,8.39999,309.519,100
20,8.39999,496.107,100
25,8.39999,610.989,99.9999
30,8.39999,689.395,99.9999
35,8.39998,758.26,99.9998
40,8.39998,837.744,99.9998
45,8.39998,942.506,99.9997
50,8.39997,1082.77,99.9997
55,8.39997,1265.22,99.9996
60,8.39996,1493.69,99.9995
65,8.39996,1769.85,99.9994
70,8.39995,2093.63,99.9993
75,8.39994,2463.68,99.9991
80,8.39993,2877.69,99.999
85,8.39992,3332.66,99.9988
90,8.3999,3825.12,99.9985
95,8.39989,4351.32,99.9983
100,8.39987,4907.35,99.998
105,8.39986,5489.28,99.9976
110,8.39984,6093.21,99.9973
115,8.39982,6715.36,99.9969
120,8.3998,7352.09,99.9964
125,8.39978,7999.97,99.9959
130,8.39975,8655.78,99.9954
135,8.39973,9316.53,99.9948
140,8.39971,9979.47,99.9942
145,8.39968,10642.1,99.9936
150,8.39966,11302.1,99.9929
155,8.39963,11957.4,99.9921
160,8.39961,12606.2,99.9913
165,8.39958,13246.9,99.9905
170,8.39955,13878.1,99.9897
175,8.39952,14498.4,99.9888
180,8.39949,15107,99.9878
185,8.39946,15702.7,99.9868
190,8.39943,16285,99.9858
195,8.3994,16853.1,99.9848
200,8.39937,17406.6,99.9837
205,8.39934,17945.2,99.9826
210,8.39931,18468.4,99.9814
215,8.39928,18976.2,99.9802
220,8.39924,19468.4,99.979
225,8.39921,19945.1,99.9778
230,8.39918,20406.2,99.9765
235,8.39914,20851.8,99.9752
240,8.39911,21282.1,99.9739
245,8.39908,21697.3,99.9725
250,8.39904,22097.6,99.9711
255,8.39901,22483.2,99.9697
260,8.39897,22854.5,99.9683
265,8.39894,23211.7,99.9668
270,8.3989,23555.2,99.9653
275,8.39887,23885.3,99.9638
280,8.39883,24202.3,99.9623
285,8.3988,24506.7,99.9608
290,8.39876,24798.8,99.9592
295,8.39873,25078.9,99.9576
300,8.39869,25347.5,99.9561
305,8.39866,25604.9,99.9544
310,8.39862,25851.5,99.9528
315,8.39858,26087.6,99.9512
320,8.39855,26313.7,99.9495
325,8.39851,26530,99.9478
330,8.39848,26737,99.9462
335,8.39844,26935,99.9445
340,8.3984,27124.3,99.9428
345,8.39837,27305.3,99.941
350,8.39833,27478.3,99.9393
355,8.39829,27643.5,99.9376
360,8.39826,27801.4,99.9358
365,8.39822,27952.2,99.9341
370,8.39818,28096.2,99.9323
375,8.39815,28233.7,99.9305
380,8.39811,28364.9,99.9287
385,8.39807,28490.2,99.9269
390,8.39804,28609.7,99.9251
395,8.398,28723.7,99.9233
400,8.39796,28832.5,99.9215
405,8.39792,28936.3,99.9197
410,8.39789,29035.2,99.9178
415,8.39785,29129.6,99.916
420,8.39781,29219.6,99.9142
425,8.39778,29305.4,99.9123
430,8.39774,29387.1,99.9105
435,8.3977,29465.1,99.9086
440,8.39766,29539.4,99.9067
445,8.39763,29610.2,99.9049
450,8.39759,29677.6,99.903
455,8.39755,29741.9,99.9011
460,8.39751,29803.2,99.8992
465,8.39748,29861.5,99.8974
470,8.39744,29917.1,99.8955
475,8.3974,29970.1,99.8936
480,8.39736,30020.5,99.8917
485,8.39733,30068.5,99.8898
490,8.39729,30114.3,99.8879
495,8.39725,30157.8,99.886
500,8.39721,30199.3,99.8841
505,8.39718,30238.8,99.8822
510,8.39714,30276.4,99.8803
515,8.3971,30312.2,99.8784
520,8.39706,30346.3,99.8764
525,8.39703,30378.7,99.8745
530,8.39699,30409.6,99.8726
535,8.39695,30439,99.8707
540,8.39691,30467,99.8688
545,8.39687,30493.6,99.8668
550,8.39684,30519,99.8649
555,8.3968,30543.1,99.863
560,8.39676,30566.1,99.8611
565,8.39672,30587.9,99.8591
570,8.39669,30608.7,99.8572
575,8.39665,30628.5,99.8553
580,8.39661,30647.3,99.8533
585,8.39657,30665.3,99.8514
590,8.39654,30682.3,99.8495
595,8.3965,30698.5,99.8475
600,8.39646,30714,99.8456
605,8.39642,30728.6,99.8436
610,8.39639,30742.6,99.8417
615,8.39635,30755.9,99.8398
620,8.39631,30768.5,99.8378
625,8.39627,30780.5,99.8359
630,8.39623,30792,99.8339
635,8.3962,30802.8,99.832
640,8.39616,30813.2,99.83
645,8.39612,30823,99.8281
650,8.39608,30832.4,99.8261
655,8.39605,30841.2,99.8242
660,8.39601,30849.7,99.8222
665,8.39597,30857.7,99.8203
670,8.39593,30865.4,99.8184
675,8.39589,30872.6,99.8164
680,8.39586,30879.5,99.8145
685,8.39582,30886.1,99.8125
690,8.39578,30892.4,99.8106
695,8.39574,30898.3,99.8086
700,8.39571,30903.9,99.8067
705,8.39567,30909.3,99.8047
710,8.39563,30914.4,99.8027
715,8.39559,30919.2,99.8008
720,8.39556,30923.8,99.7988
725,8.39552,30928.2,99.7969
730,8.39548,30932.3,99.7949
735,8.39544,30936.3,99.793
740,8.3954,30940,99.791
745,8.39537,30943.6,99.7891
750,8.39533,30946.9,99.7871
755,8.39529,30950.1,99.7852
760,8.39525,30953.2,99.7832
765,8.39522,30956.1,99.7813
770,8.39518,30958.8,99.7793
775,8.39514,30961.4,99.7774
780,8.3951,30963.9,99.7754
785,8.39507,30966.2,99.7734
790,8.39503,30968.4,99.7715
795,8.39499,30970.5,99.7695
800,8.39495,30972.5,99.7676
805,8.39491,30974.4,99.7656
810,8.39488,30976.2,99.7637
815,8.39484,30977.9,99.7617
820,8.3948,30979.5,99.7598
825,8.39476,30981,99.7578
830,8.39473,30982.5,99.7558
835,8.39469,30983.8,99.7539
840,8.39465,30985.1,99.7519
845,8.39461,30986.4,99.75
850,8.39458,30987.5,99.748
855,8.39454,30988.6,99.7461
860,8.3945,30989.6,99.7441
865,8.39446,30990.6,99.7422
870,8.39442,30991.5,99.7402
875,8.39439,30992.4,99.7382
880,8.39435,30993.2,99.7363
885,8.39431,30994,99.7343
890,8.39427,30994.7,99.7324
895,8.39424,30995.4,99.7304
900,8.3942,30996.1,99.7285
905,8.39416,30996.7,99.7265
910,8.39412,30997.2,99.7245
915,8.39409,30997.8,99.7226
920,8.39405,30998.3,99.7206
925,8.39401,30998.8,99.7187
930,8.39397,30999.2,99.7167
935,8.39394,30999.6,99.7148
940,8.3939,31000,99.7128
945,8.39386,31000.4,99.7108
950,8.39382,31000.7,99.7089
955,8.39378,31001,99.7069
960,8.39375,31001.3,99.705
965,8.39371,31001.6,99.703
970,8.39367,31001.8,99.7011
975,8.39363,31002,99.6991
980,8.3936,31002.3,99.6971
985,8.39356,31002.4,99.6952
990,8.39352,31002.6,99.6932
995,8.39348,31002.8,99.6913
1000,8.39345,31002.9,99.6893
1005,8.39341,31003.1,99.6874
1010,8.39337,31003.2,99.6854
1015,8.39333,31003.3,99.6834
1020,8.3933,31003.4,99.6815
1025,8.39326,31003.5,99.6795
1030,8.39322,31003.5,99.6776
1035,8.39318,31003.6,99.6756
1040,8.39314,31003.6,99.6737
1045,8.39311,31003.7,99.6717
1050,8.39307,31003.7,99.6697
1055,8.39303,31003.7,99.6678
1060,8.39299,31003.8,99.6658
1065,8.39296,31003.8,99.6639
1070,8.39292,31003.8,99.6619
1075,8.39288,31003.8,99.66
1080,8.39284,31003.7,99.658
1085,8.39281,31003.7,99.656
1090,8.39277,31003.7,99.6541
1095,8.39273,31003.7,99.6521
1100,8.39269,31003.6,99.6502
1105,8.39266,31003.6,99.6482
1110,8.39262,31003.5,99.6463
1115,8.39258,31003.5,99.6443
1120,8.39254,31003.4,99.6423
1125,8.39251,31003.4,99.6404
1130,8.39247,31003.3,99.6384
1135,8.39243,31003.2,99.6365
1140,8.39239,31003.2,99.6345
1145,8.39236,31003.1,99.6326
1150,8.39232,31003,99.6306
1155,8.39228,31002.9,99.6286
1160,8.39224,31002.8,99.6267
1165,8.39221,31002.7,99.6247
1170,8.39217,31002.7,99.6228
1175,8.39213,31002.6,99.6208
1180,8.39209,31002.5,99.6189
1185,8.39206,31002.4,99.6169
1190,8.39202,31002.3,99.6149
1195,8.39198,31002.2,99.613
1200,8.39194,31002,99.611
1205,8.39191,31001.9,99.6091
1210,8.39187,31001.8,99.6071
1215,8.39183,31001.7,99.6052
1220,8.39179,31001.6,99.6032
1225,8.39176,31001.5,99.6012
1230,8.39172,31001.4,99.5993
1235,8.39168,31001.3,99.5973
1240,8.39164,31001.1,99.5954
1245,8.3916,31001,99.5934
1250,8.39157,31000.9,99.5915
1255,8.39153,31000.8,99.5895
1260,8.39149,31000.7,99.5875
1265,8.39145,31000.5,99.5856
1270,8.39142,31000.4,99.5836
1275,8.39138,31000.3,99.5817
1280,8.39134,31000.1,99.5797
1285,8.3913,31000,99.5778
1290,8.39127,30999.9,99.5758
1295,8.39123,30999.8,99.5738
1300,8.39119,30999.6,99.5719
1305,8.39115,30999.5,99.5699
1310,8.39112,30999.4,99.568
1315,8.39108,30999.2,99.566
1320,8.39104,30999.1,99.5641
1325,8.391,30999,99.5621
1330,8.39097,30998.8,99.5601
1335,8.39093,30998.7,99.5582
1340,8.39089,30998.6,99.5562
1345,8.39086,30998.4,99.5543
1350,8.39082,30998.3,99.5523
1355,8.39078,30998.1,99.5504
1360,8.39074,30998,99.5484
1365,8.39071,30997.9,99.5464
1370,8.39067,30997.7,99.5445
1375,8.39063,30997.6,99.5425
1380,8.39059,30997.5,99.5406
1385,8.39056,30997.3,99.5386
1390,8.39052,30997.2,99.5367
1395,8.39048,30997,99.5347
1400,8.39044,30996.9,99.5327
1405,8.39041,30996.8,99.5308
1410,8.39037,30996.6,99.5288
1415,8.39033,30996.5,99.5269
1420,8.39029,30996.3,99.5249
1425,8.39026,30996.2,99.523
1430,8.39022,30996,99.521
1435,8.39018,30995.9,99.519
1440,8.39014,30995.8,99.5171
1445,8.39011,30995.6,99.5151
1450,8.39007,30995.5,99.5132
1455,8.39003,30995.3,99.5112
1460,8.38999,30995.2,99.5093
1465,8.38996,30995.1,99.5073
1470,8.38992,30994.9,99.5053
1475,8.38988,30994.8,99.5034
1480,8.38984,30994.6,99.5014
1485,8.38981,30994.5,99.4995
1490,8.38977,30994.3,99.4975
1495,8.38973,30994.2,99.4956
1500,8.38969,30994.1,99.4936
1505,8.38966,30993.9,99.4916
1510,8.38962,30993.8,99.4897
1515,8.38958,30993.6,99.4877
1520,8.38954,30993.5,99.4858
1525,8.38951,30993.3,99.4838
1530,8.38947,30993.2,99.4819
1535,8.38943,30993,99.4799
1540,8.3894,30992.9,99.478
1545,8.38936,30992.8,99.476
1550,8.38932,30992.6,99.474
1555,8.38928,30992.5,99.4721
1560,8.38925,30992.3,99.4701
1565,8.38921,30992.2,99.4682
1570,8.38917,30992,99.4662
1575,8.38913,30991.9,99.4643
1580,8.3891,30991.7,99.4623
1585,8.38906,30991.6,99.4603
1590,8.38902,30991.5,99.4584
1595,8.38898,30991.3,99.4564
1600,8.38895,30991.2,99.4545
1605,8.38891,30991,99.4525
1610,8.38887,30990.9,99.4506
1615,8.38883,30990.7,99.4486
1620,8.3888,30990.6,99.4466
1625,8.38876,30990.4,99.4447
1630,8.38872,30990.3,99.4427
1635,8.38869,30990.2,99.4408
1640,8.38865,30990,99.4388
1645,8.38861,30989.9,99.4369
1650,8.38857,30989.7,99.4349
1655,8.38854,30989.6,99.433
1660,8.3885,30989.4,99.431
1665,8.38846,30989.3,99.429
1670,8.38842,30989.1,99.4271
1675,8.38839,30989,99.4251
1680,8.38835,30988.8,99.4232
1685,8.38831,30988.7,99.4212
1690,8.38827,30988.6,99.4193
1695,8.38824,30988.4,99.4173
1700,8.3882,30988.3,99.4153
1705,8.38816,30988.1,99.4134
1710,8.38812,30988,99.4114
1715,8.38809,30987.8,99.4095
1720,8.38805,30987.7,99.4075
1725,8.38801,30987.5,99.4056
1730,8.38798,30987.4,99.4036
1735,8.38794,30987.3,99.4017
1740,8.3879,30987.1,99.3997
1745,8.38786,30987,99.3977
1750,8.38783,30986.8,99.3958
1755,8.38779,30986.7,99.3938
1760,8.38775,30986.5,99.3919
1765,8.38771,30986.4,99.3899
1770,8.38768,30986.2,99.388
1775,8.38764,30986.1,99.386
1780,8.3876,30985.9,99.384
1785,8.38757,30985.8,99.3821
1790,8.38753,30985.7,99.3801
1795,8.38749,30985.5,99.3782
1800,8.38745,30985.4,99.3762
1805,8.38742,30985.2,99.3743
1810,8.38738,30985.1,99.3723
1815,8.38734,30984.9,99.3704
1820,8.3873,30984.8,99.3684
1825,8.38727,30984.6,99.3664
1830,8.38723,30984.5,99.3645
1835,8.38719,30984.3,99.3625
1840,8.38716,30984.2,99.3606
1845,8.38712,30984.1,99.3586
1850,8.38708,30983.9,99.3567
1855,8.38704,30983.8,99.3547
1860,8.38701,30983.6,99.3527
1865,8.38697,30983.5,99.3508
1870,8.38693,30983.3,99.3488
1875,8.38689,30983.2,99.3469
1880,8.38686,30983,99.3449
1885,8.38682,30982.9,99.343
1890,8.38678,30982.8,99.341
1895,8.38675,30982.6,99.3391
1900,8.38671,30982.5,99.3371
1905,8.38667,30982.3,99.3351
1910,8.38663,30982.2,99.3332
1915,8.3866,30982,99.3312
1920,8.38656,30981.9,99.3293
1925,8.38652,30981.7,99.3273
1930,8.38648,30981.6,99.3254
1935,8.38645,30981.4,99.3234
1940,8.38641,30981.3,99.3215
1945,8.38637,30981.2,99.3195
1950,8.38634,30981,99.3175
1955,8.3863,30980.9,99.3156
1960,8.38626,30980.7,99.3136
1965,8.38622,30980.6,99.3117
1970,8.38619,30980.4,99.3097
1975,8.38615,30980.3,99.3078
1980,8.38611,30980.1,99.3058
1985,8.38608,30980,99.3039
1990,8.38604,30979.9,99.3019
1995,8.386,30979.7,99.2999
2000,8.38596,30979.6,99.298
2005,8.38593,30979.4,99.296
2010,8.38589,30979.3,99.2941
2015,8.38585,30979.1,99.2921
2020,8.38582,30979,99.2902
2025,8.38578,30978.8,99.2882
2030,8.38574,30978.7,99.2862
2035,8.3857,30978.5,99.2843
2040,8.38567,30978.4,99.2823
2045,8.38563,30978.3,99.2804
2050,8.38559,30978.1,99.2784
2055,8.38555,30978,99.2765
2060,8.38552,30977.8,99.2745
2065,8.38548,30977.7,99.2726
2070,8.38544,30977.5,99.2706
2075,8.38541,30977.4,99.2686
2080,8.38537,30977.2,99.2667
2085,8.38533,30977.1,99.2647
2090,8.38529,30977,99.2628
2095,8.38526,30976.8,99.2608
2100,8.38522,30976.7,99.2589
2105,8.38518,30976.5,99.2569
2110,8.38515,30976.4,99.255
2115,8.38511,30976.2,99.253
2120,8.38507,30976.1,99.251
2125,8.38503,30975.9,99.2491
2130,8.385,30975.8,99.2471
2135,8.38496,30975.7,99.2452
2140,8.38492,30975.5,99.2432
2145,8.38489,30975.4,99.2413
2150,8.38485,30975.2,99.2393
2155,8.38481,30975.1,99.2374
2160,8.38477,30974.9,99.2354
2165,8.38474,30974.8,99.2334
2170,8.3847,30974.6,99.2315
2175,8.38466,30974.5,99.2295
2180,8.38463,30974.3,99.2276
2185,8.38459,30974.2,99.2256
2190,8.38455,30974.1,99.2237
2195,8.38451,30973.9,99.2217
2200,8.38448,30973.8,99.2198
2205,8.38444,30973.6,99.2178
2210,8.3844,30973.5,99.2158
2215,8.38437,30973.3,99.2139
2220,8.38433,30973.2,99.2119
2225,8.38429,30973,99.21
2230,8.38426,30972.9,99.208
2235,8.38422,30972.8,99.2061
2240,8.38418,30972.6,99.2041
2245,8.38414,30972.5,99.2022
2250,8.38411,30972.3,99.2002
2255,8.38407,30972.2,99.1983
2260,8.38403,30972,99.1963
2265,8.384,30971.9,99.1943
2270,8.38396,30971.7,99.1924
2275,8.38392,30971.6,99.1904
2280,8.38388,30971.5,99.1885
2285,8.38385,30971.3,99.1865
2290,8.38381,30971.2,99.1846
2295,8.38377,30971,99.1826
2300,8.38374,30970.9,99.1807
2305,8.3837,30970.7,99.1787
2310,8.38366,30970.6,99.1767
2315,8.38362,30970.4,99.1748
2320,8.38359,30970.3,99.1728
2325,8.38355,30970.2,99.1709
2330,8.38351,30970,99.1689
2335,8.38348,30969.9,99.167
2340,8.38344,30969.7,99.165
2345,8.3834,30969.6,99.1631
2350,8.38337,30969.4,99.1611
2355,8.38333,30969.3,99.1591
2360,8.38329,30969.1,99.1572
2365,8.38325,30969,99.1552
2370,8.38322,30968.9,99.1533
2375,8.38318,30968.7,99.1513
2380,8.38314,30968.6,99.1494
2385,8.38311,30968.4,99.1474
2390,8.38307,30968.3,99.1455
2395,8.38303,30968.1,99.1435
2400,8.38299,30968,99.1415
2405,8.38296,30967.8,99.1396
2410,8.38292,30967.7,99.1376
2415,8.38288,30967.5,99.1357
2420,8.38285,30967.4,99.1337
2425,8.38281,30967.3,99.1318
2430,8.38277,30967.1,99.1298
2435,8.38274,30967,99.1279
2440,8.3827,30966.8,99.1259
2445,8.38266,30966.7,99.124
2450,8.38262,30966.5,99.122
2455,8.38259,30966.4,99.12
2460,8.38255,30966.2,99.1181
2465,8.38251,30966.1,99.1161
2470,8.38248,30966,99.1142
2475,8.38244,30965.8,99.1122
2480,8.3824,30965.7,99.1103
2485,8.38237,30965.5,99.1083
2490,8.38233,30965.4,99.1064
2495,8.38229,30965.2,99.1044
2500,8.38225,30965.1,99.1025
2505,8.38222,30964.9,99.1005
2510,8.38218,30964.8,99.0985
2515,8.38214,30964.7,99.0966
2520,8.38211,30964.5,99.0946
2525,8.38207,30964.4,99.0927
2530,8.38203,30964.2,99.0907
2535,8.382,30964.1,99.0888
2540,8.38196,30963.9,99.0868
2545,8.38192,30963.8,99.0849
2550,8.38188,30963.7,99.0829
2555,8.38185,30963.5,99.0809
2560,8.38181,30963.4,99.079
2565,8.38177,30963.2,99.077
2570,8.38174,30963.1,99.0751
2575,8.3817,30962.9,99.0731
2580,8.38166,30962.8,99.0712
2585,8.38163,30962.6,99.0692
2590,8.38159,30962.5,99.0673
2595,8.38155,30962.4,99.0653
2600,8.38152,30962.2,99.0634
2605,8.38148,30962.1,99.0614
2610,8.38144,30961.9,99.0594
2615,8.3814,30961.8,99.0575
2620,8.38137,30961.6,99.0555
2625,8.38133,30961.5,99.0536
2630,8.38129,30961.3,99.0516
2635,8.38126,30961.2,99.0497
2640,8.38122,30961.1,99.0477
2645,8.38118,30960.9,99.0458
2650,8.38115,30960.8,99.0438
2655,8.38111,30960.6,99.0419
2660,8.38107,30960.5,99.0399
2665,8.38103,30960.3,99.0379
2670,8.381,30960.2,99.036
2675,8.38096,30960,99.034
2680,8.38092,30959.9,99.0321
2685,8.38089,30959.8,99.0301
2690,8.38085,30959.6,99.0282
2695,8.38081,30959.5,99.0262
2700,8.38078,30959.3,99.0243
2705,8.38074,30959.2,99.0223
2710,8.3807,30959,99.0204
2715,8.38067,30958.9,99.0184
2720,8.38063,30958.7,99.0164
2725,8.38059,30958.6,99.0145
2730,8.38056,30958.5,99.0125
2735,8.38052,30958.3,99.0106
2740,8.38048,30958.2,99.0086
2745,8.38044,30958,99.0067
2750,8.38041,30957.9,99.0047
2755,8.38037,30957.7,99.0028
2760,8.38033,30957.6,99.0008
2765,8.3803,30957.4,98.9989
2770,8.38026,30957.3,98.9969
2775,8.38022,30957.2,98.9949
2780,8.38019,30957,98.993
2785,8.38015,30956.9,98.991
2790,8.38011,30956.7,98.9891
2795,8.38008,30956.6,98.9871
2800,8.38004,30956.4,98.9852
2805,8.38,30956.3,98.9832
2810,8.37997,30956.2,98.9813
2815,8.37993,30956,98.9793
2820,8.37989,30955.9,98.9774
2825,8.37985,30955.7,98.9754
2830,8.37982,30955.6,98.9734
2835,8.37978,30955.4,98.9715
2840,8.37974,30955.3,98.9695
2845,8.37971,30955.1,98.9676
2850,8.37967,30955,98.9656
2855,8.37963,30954.9,98.9637
2860,8.3796,30954.7,98.9617
2865,8.37956,30954.6,98.9598
2870,8.37952,30954.4,98.9578
2875,8.37949,30954.3,98.9559
2880,8.37945,30954.1,98.9539
2885,8.37941,30954,98.952
2890,8.37938,30953.8,98.95
2895,8.37934,30953.7,98.948
2900,8.3793,30953.6,98.9461
2905,8.37927,30953.4,98.9441
2910,8.37923,30953.3,98.9422
2915,8.37919,30953.1,98.9402
2920,8.37915,30953,98.9383
2925,8.37912,30952.8,98.9363
2930,8.37908,30952.7,98.9344
2935,8.37904,30952.6,98.9324
2940,8.37901,30952.4,98.9305
2945,8.37897,30952.3,98.9285
2950,8.37893,30952.1,98.9265
2955,8.3789,30952,98.9246
2960,8.37886,30951.8,98.9226
2965,8.37882,30951.7,98.9207
2970,8.37879,30951.5,98.9187
2975,8.37875,30951.4,98.9168
2980,8.37871,30951.3,98.9148
2985,8.37868,30951.1,98.9129
2990,8.37864,30951,98.9109
2995,8.3786,30950.8,98.909
3000,8.37857,30950.7,98.907
3005,8.37853,30950.5,98.9051
3010,8.37849,30950.4,98.9031
3015,8.37846,30950.3,98.9011
3020,8.37842,30950.1,98.8992
3025,8.37838,30950,98.8972
3030,8.37835,30949.8,98.8953
3035,8.37831,30949.7,98.8933
3040,8.37827,30949.5,98.8914
3045,8.37823,30949.4,98.8894
3050,8.3782,30949.2,98.8875
3055,8.37816,30949.1,98.8855
3060,8.37812,30949,98.8836
3065,8.37809,30948.8,98.8816
3070,8.37805,30948.7,98.8797
3075,8.37801,30948.5,98.8777
3080,8.37798,30948.4,98.8757
3085,8.37794,30948.2,98.8738
3090,8.3779,30948.1,98.8718
3095,8.37787,30948,98.8699
3100,8.37783,30947.8,98.8679
3105,8.37779,30947.7,98.866
3110,8.37776,30947.5,98.864
3115,8.37772,30947.4,98.8621
3120,8.37768,30947.2,98.8601
3125,8.37765,30947.1,98.8582
3130,8.37761,30946.9,98.8562
3135,8.37757,30946.8,98.8543
3140,8.37754,30946.7,98.8523
3145,8.3775,30946.5,98.8503
3150,8.37746,30946.4,98.8484
3155,8.37743,30946.2,98.8464
3160,8.37739,30946.1,98.8445
3165,8.37735,30945.9,98.8425
3170,8.37732,30945.8,98.8406
3175,8.37728,30945.7,98.8386
3180,8.37724,30945.5,98.8367
3185,8.37721,30945.4,98.8347
3190,8.37717,30945.2,98.8328
3195,8.37713,30945.1,98.8308
3200,8.3771,30944.9,98.8289
3205,8.37706,30944.8,98.8269
3210,8.37702,30944.6,98.825
3215,8.37699,30944.5,98.823
3220,8.37695,30944.4,98.821
3225,8.37691,30944.2,98.8191
3230,8.37688,30944.1,98.8171
3235,8.37684,30943.9,98.8152
3240,8.3768,30943.8,98.8132
3245,8.37677,30943.6,98.8113
3250,8.37673,30943.5,98.8093
3255,8.37669,30943.4,98.8074
3260,8.37666,30943.2,98.8054
3265,8.37662,30943.1,98.8035
3270,8.37658,30942.9,98.8015
3275,8.37655,30942.8,98.7996
3280,8.37651,30942.6,98.7976
3285,8.37647,30942.5,98.7956
3290,8.37644,30942.4,98.7937
3295,8.3764,30942.2,98.7917
3300,8.37636,30942.1,98.7898
3305,8.37633,30941.9,98.7878
3310,8.37629,30941.8,98.7859
3315,8.37625,30941.6,98.7839
3320,8.37622,30941.5,98.782
3325,8.37618,30941.3,98.78
3330,8.37614,30941.2,98.7781
3335,8.37611,30941.1,98.7761
3340,8.37607,30940.9,98.7742
3345,8.37603,30940.8,98.7722
3350,8.376,30940.6,98.7703
3355,8.37596,30940.5,98.7683
3360,8.37592,30940.3,98.7663
3365,8.37589,30940.2,98.7644
3370,8.37585,30940.1,98.7624
3375,8.37581,30939.9,98.7605
3380,8.37578,30939.8,98.7585
3385,8.37574,30939.6,98.7566
3390,8.3757,30939.5,98.7546
3395,8.37567,30939.3,98.7527
3400,8.37563,30939.2,98.7507
3405,8.37559,30939.1,98.7488
3410,8.37556,30938.9,98.7468
3415,8.37552,30938.8,98.7449
3420,8.37548,30938.6,98.7429
3425,8.37545,30938.5,98.741
3430,8.37541,30938.3,98.739
3435,8.37537,30938.2,98.737
3440,8.37534,30938,98.7351
3445,8.3753,30937.9,98.7331
3450,8.37526,30937.8,98.7312
3455,8.37523,30937.6,98.7292
3460,8.37519,30937.5,98.7273
3465,8.37515,30937.3,98.7253
3470,8.37512,30937.2,98.7234
3475,8.37508,30937,98.7214
3480,8.37504,30936.9,98.7195
3485,8.37501,30936.8,98.7175
3490,8.37497,30936.6,98.7156
3495,8.37493,30936.5,98.7136
3500,8.3749,30936.3,98.7117
3505,8.37486,30936.2,98.7097
3510,8.37482,30936,98.7078
3515,8.37479,30935.9,98.7058
3520,8.37475,30935.8,98.7038
3525,8.37471,30935.6,98.7019
3530,8.37468,30935.5,98.6999
3535,8.37464,30935.3,98.698
3540,8.37461,30935.2,98.696
3545,8.37457,30935,98.6941
3550,8.37453,30934.9,98.6921
3555,8.3745,30934.8,98.6902
3560,8.37446,30934.6,98.6882
3565,8.37442,30934.5,98.6863
3570,8.37439,30934.3,98.6843
3575,8.37435,30934.2,98.6824
3580,8.37431,30934,98.6804
3585,8.37428,30933.9,98.6785
3590,8.37424,30933.8,98.6765
3595,8.3742,30933.6,98.6746
3600,8.37417,30933.5,98.6726
3605,8.37413,30933.3,98.6706
3610,8.37409,30933.2,98.6687
3615,8.37406,30933,98.6667
3620,8.37402,30932.9,98.6648
3625,8.37398,30932.8,98.6628
3630,8.37395,30932.6,98.6609
3635,8.37391,30932.5,98.6589
3640,8.37387,30932.3,98.657
3645,8.37384,30932.2,98.655
3650,8.3738,30932,98.6531
3655,8.37376,30931.9,98.6511
3660,8.37373,30931.7,98.6492
3665,8.37369,30931.6,98.6472
3670,8.37366,30931.5,98.6453
3675,8.37362,30931.3,98.6433
3680,8.37358,30931.2,98.6414
3685,8.37355,30931,98.6394
3690,8.37351,30930.9,98.6374
3695,8.37347,30930.7,98.6355
3700,8.37344,30930.6,98.6335
3705,8.3734,30930.5,98.6316
3710,8.37336,30930.3,98.6296
3715,8.37333,30930.2,98.6277
3720,8.37329,30930,98.6257
3725,8.37325,30929.9,98.6238
3730,8.37322,30929.7,98.6218
3735,8.37318,30929.6,98.6199
3740,8.37314,30929.5,98.6179
3745,8.37311,30929.3,98.616
3750,8.37307,30929.2,98.614
3755,8.37303,30929,98.6121
3760,8.373,30928.9,98.6101
3765,8.37296,30928.7,98.6082
3770,8.37293,30928.6,98.6062
3775,8.37289,30928.5,98.6043
3780,8.37285,30928.3,98.6023
3785,8.37282,30928.2,98.6004
3790,8.37278,30928,98.5984
3795,8.37274,30927.9,98.5964
3800,8.37271,30927.7,98.5945
3805,8.37267,30927.6,98.5925
3810,8.37263,30927.5,98.5906
3815,8.3726,30927.3,98.5886
3820,8.37256,30927.2,98.5867
3825,8.37252,30927,98.5847
3830,8.37249,30926.9,98.5828
3835,8.37245,30926.7,98.5808
3840,8.37242,30926.6,98.5789
3845,8.37238,30926.5,98.5769
3850,8.37234,30926.3,98.575
3855,8.37231,30926.2,98.573
3860,8.37227,30926,98.5711
3865,8.37223,30925.9,98.5691
3870,8.3722,30925.7,98.5672
3875,8.37216,30925.6,98.5652
3880,8.37212,30925.5,98.5633
3885,8.37209,30925.3,98.5613
3890,8.37205,30925.2,98.5593
3895,8.37201,30925,98.5574
3900,8.37198,30924.9,98.5554
3905,8.37194,30924.7,98.5535
3910,8.37191,30924.6,98.5515
3915,8.37187,30924.5,98.5496
3920,8.37183,30924.3,98.5476
3925,8.3718,30924.2,98.5457
3930,8.37176,30924,98.5437
3935,8.37172,30923.9,98.5418
3940,8.37169,30923.7,98.5398
3945,8.37165,30923.6,98.5379
3950,8.37161,30923.5,98.5359
3955,8.37158,30923.3,98.534
3960,8.37154,30923.2,98.532
3965,8.3715,30923,98.5301
3970,8.37147,30922.9,98.5281
3975,8.37143,30922.7,98.5262
3980,8.3714,30922.6,98.5242
3985,8.37136,30922.5,98.5223
3990,8.37132,30922.3,98.5203
3995,8.37129,30922.2,98.5184
4000,8.37125,30922,98.5164
4005,8.37121,30921.9,98.5144
4010,8.37118,30921.7,98.5125
