time,p.x,p.y,p.z,att.x,att.y,att.z,attq.w,attq.x,attq.y,attq.z,v.x,v.y,v.z,v.r,v.p,v.yaw,pdot.x,pdot.y,pdot.z,vdot.x,vdot.y,vdot.z,vdot.r,vdot.p,vdot.yaw
5,-1, 1, 4,-0, 0, -0,1,0,0,0,0, 0, 0, 0, 0, 0,0, 0, 0,0, 0, 0, 0, 0, 0
10,-1, 1, 4,-0, 0, -0,1,0,0,0,0, 0, 0, 0, 0, 0,0, 0, 0,0, 0, 0, 0, 0, 0
15,-1, 1, 4,-0, 0, -0,1,0,0,0,0, 0, 0, 0, 0, 0,0, 0, 0,0, 0, 0, 0, 0, 0
20,-1, 1, 4,-0, 0, -0,1,0,0,0,0, 0, 0, 0, 0, 0,0, 0, 0,0, 0, 0, 0, 0, 0
25,-1, 1, 4,-0, 0, -0,1,0,0,0,0, 0, 0, 0, 0, 0,0, 0, 0,0, 0, 0, 0, 0, 0
30,-1, 1, 4,-0, 0, -0,1,0,0,0,0, 0, 0, 0, 0, 0,0, 0, 0,0, 0, 0, 0, 0, 0
35,-1, 1, 4,-0, 0, -0,1,0,0,0,0, 0, 0, 0, 0, 0,0, 0, 0,0, 0, 0, 0, 0, 0
40,-1, 1, 4,-0, 0, -0,1,0,0,0,0, 0, 0, 0, 0, 0,0, 0, 0,0, 0, 0, 0, 0, 0
45,-1, 1, 4,-0, 0, -0,1,0,0,0,1.16874e-05, 0, 0, 0, 0, 0,1.16874e-05, 0, 0,0.0116874, 0, 0, 0, 0, 0
50,-0.999996, 1, 4,-0, 0, -0,1,0,0,0,0.00154446, 0, 0, 0, 0, 0,0.00154446, 0, 0,0.506002, 0, 0, 0, 0, 0
55,-0.999977, 1, 4,-0, 0, -0,1,0,0,0,0.00560733, 0, 0, 0, 0, 0,0.00560733, 0, 0,1.01911, 0, 0, 0, 0, 0
60,-0.99993, 1, 4,-0, 0, -0,1,0,0,0,0.0122788, 0, 0, 0, 0, 0,0.0122788, 0, 0,1.54594, 0, 0, 0, 0, 0
65,-0.999842, 1, 4,-0, 0, -0,1,0,0,0,0.0216137, 0, 0, 0, 0, 0,0.0216137, 0, 0,2.08193, 0, 0, 0, 0, 0
70,-0.999699, 1, 4,-0, 0, -0,1,0,0,0,0.0336451, 0, 0, 0, 0, 0,0.0336451, 0, 0,2.62294, 0, 0, 0, 0, 0
75,-0.999488, 1, 4,-0, 0, -0,1,0,0,0,0.0483868, 0, 0, 0, 0, 0,0.0483868, 0, 0,3.16519, 0, 0, 0, 0, 0
80,-0.999194, 1, 4,-0, 0, -0,1,0,0,0,0.0658344, 0, 0, 0, 0, 0,0.0658344, 0, 0,3.70521, 0, 0, 0, 0, 0
85,-0.998806, 1, 4,-0, 0, -0,1,0,0,0,0.0859402, 0, 0, 0, 0, 0,0.0859402, 0, 0,4.22414, 0, 0, 0, 0, 0
90,-0.99831, 1, 4,-0, 0, -0,1,0,0,0,0.108528, 0, 0, 0, 0, 0,0.108528, 0, 0,4.71073, 0, 0, 0, 0, 0
95,-0.997693, 1, 4,-0, 0, -0,1,0,0,0,0.133487, 0, 0, 0, 0, 0,0.133487, 0, 0,5.17596, 0, 0, 0, 0, 0
100,-0.996945, 1, 4,-0, 0, -0,1,0,0,0,0.160697, 0, 0, 0, 0, 0,0.160697, 0, 0,5.61583, 0, 0, 0, 0, 0
105,-0.996054, 1, 4,-0, 0, -0,1,0,0,0,0.190021, 0, 0, 0, 0, 0,0.190021, 0, 0,6.02656, 0, 0, 0, 0, 0
110,-0.995011, 1, 4,-0, 0, -0,1,0,0,0,0.221302, 0, 0, 0, 0, 0,0.221302, 0, 0,6.40469, 0, 0, 0, 0, 0
115,-0.993806, 1, 4,-0, 0, -0,1,0,0,0,0.254368, 0, 0, 0, 0, 0,0.254368, 0, 0,6.74714, 0, 0, 0, 0, 0
120,-0.992431, 1, 4,-0, 0, -0,1,0,0,0,0.289031, 0, 0, 0, 0, 0,0.289031, 0, 0,7.05126, 0, 0, 0, 0, 0
125,-0.990878, 1, 4,-0, 0, -0,1,0,0,0,0.325095, 0, 0, 0, 0, 0,0.325095, 0, 0,7.31488, 0, 0, 0, 0, 0
130,-0.989141, 1, 4,-0, 0, -0,1,0,0,0,0.362351, 0, 0, 0, 0, 0,0.362351, 0, 0,7.5364, 0, 0, 0, 0, 0
135,-0.987215, 1, 4,-0, 0, -0,1,0,0,0,0.400586, 0, 0, 0, 0, 0,0.400586, 0, 0,7.71477, 0, 0, 0, 0, 0
140,-0.985095, 1, 4,-0, 0, -0,1,0,0,0,0.439581, 0, 0, 0, 0, 0,0.439581, 0, 0,7.84955, 0, 0, 0, 0, 0
145,-0.982779, 1, 4,-0, 0, -0,1,0,0,0,0.47912, 0, 0, 0, 0, 0,0.47912, 0, 0,7.94093, 0, 0, 0, 0, 0
150,-0.980264, 1, 4,-0, 0, -0,1,0,0,0,0.518988, 0, 0, 0, 0, 0,0.518988, 0, 0,7.98969, 0, 0, 0, 0, 0
155,-0.977549, 1, 4,-0, 0, -0,1,0,0,0,0.558975, 0, 0, 0, 0, 0,0.558975, 0, 0,7.99718, 0, 0, 0, 0, 0
160,-0.974634, 1, 4,-0, 0, -0,1,0,0,0,0.598881, 0, 0, 0, 0, 0,0.598881, 0, 0,7.96527, 0, 0, 0, 0, 0
165,-0.971521, 1, 4,-0, 0, -0,1,0,0,0,0.638515, 0, 0, 0, 0, 0,0.638515, 0, 0,7.89633, 0, 0, 0, 0, 0
170,-0.96821, 1, 4,-0, 0, -0,1,0,0,0,0.6777, 0, 0, 0, 0, 0,0.6777, 0, 0,7.79309, 0, 0, 0, 0, 0
175,-0.964706, 1, 4,-0, 0, -0,1,0,0,0,0.716274, 0, 0, 0, 0, 0,0.716274, 0, 0,7.65862, 0, 0, 0, 0, 0
180,-0.961011, 1, 4,-0, 0, -0,1,0,0,0,0.75409, 0, 0, 0, 0, 0,0.75409, 0, 0,7.49622, 0, 0, 0, 0, 0
185,-0.957129, 1, 4,-0, 0, -0,1,0,0,0,0.791019, 0, 0, 0, 0, 0,0.791019, 0, 0,7.30933, 0, 0, 0, 0, 0
190,-0.953066, 1, 4,-0, 0, -0,1,0,0,0,0.82695, 0, 0, 0, 0, 0,0.82695, 0, 0,7.10147, 0, 0, 0, 0, 0
195,-0.948826, 1, 4,-0, 0, -0,1,0,0,0,0.861788, 0, 0, 0, 0, 0,0.861788, 0, 0,6.87615, 0, 0, 0, 0, 0
200,-0.944416, 1, 4,-0, 0, -0,1,0,0,0,0.895455, 0, 0, 0, 0, 0,0.895455, 0, 0,6.63678, 0, 0, 0, 0, 0
205,-0.939841, 1, 4,-0, 0, -0,1,0,0,0,0.927893, 0, 0, 0, 0, 0,0.927893, 0, 0,6.38664, 0, 0, 0, 0, 0
210,-0.935107, 1, 4,-0, 0, -0,1,0,0,0,0.959055, 0, 0, 0, 0, 0,0.959055, 0, 0,6.12884, 0, 0, 0, 0, 0
215,-0.930222, 1, 4,-0, 0, -0,1,0,0,0,0.988913, 0, 0, 0, 0, 0,0.988913, 0, 0,5.86622, 0, 0, 0, 0, 0
220,-0.925191, 1, 4,-0, 0, -0,1,0,0,0,1.01745, 0, 0, 0, 0, 0,1.01745, 0, 0,5.60141, 0, 0, 0, 0, 0
225,-0.920022, 1, 4,-0, 0, -0,1,0,0,0,1.04466, 0, 0, 0, 0, 0,1.04466, 0, 0,5.33673, 0, 0, 0, 0, 0
230,-0.91472, 1, 4,-0, 0, -0,1,0,0,0,1.07056, 0, 0, 0, 0, 0,1.07056, 0, 0,5.07425, 0, 0, 0, 0, 0
235,-0.909293, 1, 4,-0, 0, -0,1,0,0,0,1.09515, 0, 0, 0, 0, 0,1.09515, 0, 0,4.81574, 0, 0, 0, 0, 0
240,-0.903747, 1, 4,-0, 0, -0,1,0,0,0,1.11847, 0, 0, 0, 0, 0,1.11847, 0, 0,4.56271, 0, 0, 0, 0, 0
245,-0.898088, 1, 4,-0, 0, -0,1,0,0,0,1.14054, 0, 0, 0, 0, 0,1.14054, 0, 0,4.3164, 0, 0, 0, 0, 0
250,-0.892322, 1, 4,-0, 0, -0,1,0,0,0,1.1614, 0, 0, 0, 0, 0,1.1614, 0, 0,4.07782, 0, 0, 0, 0, 0
255,-0.886455, 1, 4,-0, 0, -0,1,0,0,0,1.1811, 0, 0, 0, 0, 0,1.1811, 0, 0,3.84775, 0, 0, 0, 0, 0
260,-0.880494, 1, 4,-0, 0, -0,1,0,0,0,1.19967, 0, 0, 0, 0, 0,1.19967, 0, 0,3.62676, 0, 0, 0, 0, 0
265,-0.874443, 1, 4,-0, 0, -0,1,0,0,0,1.21717, 0, 0, 0, 0, 0,1.21717, 0, 0,3.41526, 0, 0, 0, 0, 0
270,-0.868307, 1, 4,-0, 0, -0,1,0,0,0,1.23363, 0, 0, 0, 0, 0,1.23363, 0, 0,3.21347, 0, 0, 0, 0, 0
275,-0.862092, 1, 4,-0, 0, -0,1,0,0,0,1.24912, 0, 0, 0, 0, 0,1.24912, 0, 0,3.02152, 0, 0, 0, 0, 0
280,-0.855802, 1, 4,-0, 0, -0,1,0,0,0,1.26368, 0, 0, 0, 0, 0,1.26368, 0, 0,2.83938, 0, 0, 0, 0, 0
285,-0.849443, 1, 4,-0, 0, -0,1,0,0,0,1.27735, 0, 0, 0, 0, 0,1.27735, 0, 0,2.66695, 0, 0, 0, 0, 0
290,-0.843017, 1, 4,-0, 0, -0,1,0,0,0,1.2902, 0, 0, 0, 0, 0,1.2902, 0, 0,2.50404, 0, 0, 0, 0, 0
295,-0.836529, 1, 4,-0, 0, -0,1,0,0,0,1.30225, 0, 0, 0, 0, 0,1.30225, 0, 0,2.3504, 0, 0, 0, 0, 0
300,-0.829984, 1, 4,-0, 0, -0,1,0,0,0,1.31357, 0, 0, 0, 0, 0,1.31357, 0, 0,2.20573, 0, 0, 0, 0, 0
305,-0.823384, 1, 4,-0, 0, -0,1,0,0,0,1.32418, 0, 0, 0, 0, 0,1.32418, 0, 0,2.06969, 0, 0, 0, 0, 0
310,-0.816733, 1, 4,-0, 0, -0,1,0,0,0,1.33414, 0, 0, 0, 0, 0,1.33414, 0, 0,1.94193, 0, 0, 0, 0, 0
315,-0.810034, 1, 4,-0, 0, -0,1,0,0,0,1.34349, 0, 0, 0, 0, 0,1.34349, 0, 0,1.82205, 0, 0, 0, 0, 0
320,-0.80329, 1, 4,-0, 0, -0,1,0,0,0,1.35226, 0, 0, 0, 0, 0,1.35226, 0, 0,1.70967, 0, 0, 0, 0, 0
325,-0.796504, 1, 4,-0, 0, -0,1,0,0,0,1.36049, 0, 0, 0, 0, 0,1.36049, 0, 0,1.6044, 0, 0, 0, 0, 0
330,-0.789678, 1, 4,-0, 0, -0,1,0,0,0,1.36822, 0, 0, 0, 0, 0,1.36822, 0, 0,1.50585, 0, 0, 0, 0, 0
335,-0.782815, 1, 4,-0, 0, -0,1,0,0,0,1.37547, 0, 0, 0, 0, 0,1.37547, 0, 0,1.41362, 0, 0, 0, 0, 0
340,-0.775917, 1, 4,-0, 0, -0,1,0,0,0,1.38227, 0, 0, 0, 0, 0,1.38227, 0, 0,1.32735, 0, 0, 0, 0, 0
345,-0.768986, 1, 4,-0, 0, -0,1,0,0,0,1.38866, 0, 0, 0, 0, 0,1.38866, 0, 0,1.24666, 0, 0, 0, 0, 0
350,-0.762025, 1, 4,-0, 0, -0,1,0,0,0,1.39467, 0, 0, 0, 0, 0,1.39467, 0, 0,1.17122, 0, 0, 0, 0, 0
355,-0.755034, 1, 4,-0, 0, -0,1,0,0,0,1.40031, 0, 0, 0, 0, 0,1.40031, 0, 0,1.10068, 0, 0, 0, 0, 0
360,-0.748017, 1, 4,-0, 0, -0,1,0,0,0,1.40562, 0, 0, 0, 0, 0,1.40562, 0, 0,1.03473, 0, 0, 0, 0, 0
365,-0.740974, 1, 4,-0, 0, -0,1,0,0,0,1.4106, 0, 0, 0, 0, 0,1.4106, 0, 0,0.973063, 0, 0, 0, 0, 0
370,-0.733906, 1, 4,-0, 0, -0,1,0,0,0,1.41529, 0, 0, 0, 0, 0,1.41529, 0, 0,0.915394, 0, 0, 0, 0, 0
375,-0.726817, 1, 4,-0, 0, -0,1,0,0,0,1.41971, 0, 0, 0, 0, 0,1.41971, 0, 0,0.861454, 0, 0, 0, 0, 0
380,-0.719706, 1, 4,-0, 0, -0,1,0,0,0,1.42386, 0, 0, 0, 0, 0,1.42386, 0, 0,0.810991, 0, 0, 0, 0, 0
385,-0.712574, 1, 4,-0, 0, -0,1,0,0,0,1.42777, 0, 0, 0, 0, 0,1.42777, 0, 0,0.763767, 0, 0, 0, 0, 0
390,-0.705424, 1, 4,-0, 0, -0,1,0,0,0,1.43146, 0, 0, 0, 0, 0,1.43146, 0, 0,0.71956, 0, 0, 0, 0, 0
395,-0.698257, 1, 4,-0, 0, -0,1,0,0,0,1.43493, 0, 0, 0, 0, 0,1.43493, 0, 0,0.678164, 0, 0, 0, 0, 0
400,-0.691072, 1, 4,-0, 0, -0,1,0,0,0,1.43821, 0, 0, 0, 0, 0,1.43821, 0, 0,0.639386, 0, 0, 0, 0, 0
405,-0.683872, 1, 4,-0, 0, -0,1,0,0,0,1.44129, 0, 0, 0, 0, 0,1.44129, 0, 0,0.603045, 0, 0, 0, 0, 0
410,-0.676656, 1, 4,-0, 0, -0,1,0,0,0,1.4442, 0, 0, 0, 0, 0,1.4442, 0, 0,0.568974, 0, 0, 0, 0, 0
415,-0.669427, 1, 4,-0, 0, -0,1,0,0,0,1.44695, 0, 0, 0, 0, 0,1.44695, 0, 0,0.537018, 0, 0, 0, 0, 0
420,-0.662184, 1, 4,-0, 0, -0,1,0,0,0,1.44955, 0, 0, 0, 0, 0,1.44955, 0, 0,0.507032, 0, 0, 0, 0, 0
425,-0.654929, 1, 4,-0, 0, -0,1,0,0,0,1.452, 0, 0, 0, 0, 0,1.452, 0, 0,0.478883, 0, 0, 0, 0, 0
430,-0.647662, 1, 4,-0, 0, -0,1,0,0,0,1.45431, 0, 0, 0, 0, 0,1.45431, 0, 0,0.452444, 0, 0, 0, 0, 0
435,-0.640384, 1, 4,-0, 0, -0,1,0,0,0,1.4565, 0, 0, 0, 0, 0,1.4565, 0, 0,0.427602, 0, 0, 0, 0, 0
440,-0.633095, 1, 4,-0, 0, -0,1,0,0,0,1.45857, 0, 0, 0, 0, 0,1.45857, 0, 0,0.404249, 0, 0, 0, 0, 0
445,-0.625797, 1, 4,-0, 0, -0,1,0,0,0,1.46052, 0, 0, 0, 0, 0,1.46052, 0, 0,0.382286, 0, 0, 0, 0, 0
450,-0.618488, 1, 4,-0, 0, -0,1,0,0,0,1.46237, 0, 0, 0, 0, 0,1.46237, 0, 0,0.36162, 0, 0, 0, 0, 0
455,-0.611171, 1, 4,-0, 0, -0,1,0,0,0,1.46412, 0, 0, 0, 0, 0,1.46412, 0, 0,0.342167, 0, 0, 0, 0, 0
460,-0.603846, 1, 4,-0, 0, -0,1,0,0,0,1.46577, 0, 0, 0, 0, 0,1.46577, 0, 0,0.323846, 0, 0, 0, 0, 0
465,-0.596512, 1, 4,-0, 0, -0,1,0,0,0,1.46734, 0, 0, 0, 0, 0,1.46734, 0, 0,0.306585, 0, 0, 0, 0, 0
470,-0.589171, 1, 4,-0, 0, -0,1,0,0,0,1.46883, 0, 0, 0, 0, 0,1.46883, 0, 0,0.290316, 0, 0, 0, 0, 0
475,-0.581823, 1, 4,-0, 0, -0,1,0,0,0,1.47023, 0, 0, 0, 0, 0,1.47023, 0, 0,0.274974, 0, 0, 0, 0, 0
480,-0.574467, 1, 4,-0, 0, -0,1,0,0,0,1.47156, 0, 0, 0, 0, 0,1.47156, 0, 0,0.260502, 0, 0, 0, 0, 0
485,-0.567106, 1, 4,-0, 0, -0,1,0,0,0,1.47282, 0, 0, 0, 0, 0,1.47282, 0, 0,0.246845, 0, 0, 0, 0, 0
490,-0.559738, 1, 4,-0, 0, -0,1,0,0,0,1.47402, 0, 0, 0, 0, 0,1.47402, 0, 0,0.233951, 0, 0, 0, 0, 0
495,-0.552365, 1, 4,-0, 0, -0,1,0,0,0,1.47515, 0, 0, 0, 0, 0,1.47515, 0, 0,0.221774, 0, 0, 0, 0, 0
500,-0.544986, 1, 4,-0, 0, -0,1,0,0,0,1.47622, 0, 0, 0, 0, 0,1.47622, 0, 0,0.21027, 0, 0, 0, 0, 0
505,-0.537601, 1, 4,-0, 0, -0,1,0,0,0,1.47724, 0, 0, 0, 0, 0,1.47724, 0, 0,0.199397, 0, 0, 0, 0, 0
510,-0.530212, 1, 4,-0, 0, -0,1,0,0,0,1.47821, 0, 0, 0, 0, 0,1.47821, 0, 0,0.189119, 0, 0, 0, 0, 0
515,-0.522818, 1, 4,-0, 0, -0,1,0,0,0,1.47913, 0, 0, 0, 0, 0,1.47913, 0, 0,0.179398, 0, 0, 0, 0, 0
520,-0.51542, 1, 4,-0, 0, -0,1,0,0,0,1.47999, 0, 0, 0, 0, 0,1.47999, 0, 0,0.170203, 0, 0, 0, 0, 0
525,-0.508018, 1, 4,-0, 0, -0,1,0,0,0,1.48082, 0, 0, 0, 0, 0,1.48082, 0, 0,0.161501, 0, 0, 0, 0, 0
530,-0.500611, 1, 4,-0, 0, -0,1,0,0,0,1.4816, 0, 0, 0, 0, 0,1.4816, 0, 0,0.153266, 0, 0, 0, 0, 0
535,-0.493201, 1, 4,-0, 0, -0,1,0,0,0,1.48234, 0, 0, 0, 0, 0,1.48234, 0, 0,0.145468, 0, 0, 0, 0, 0
540,-0.485787, 1, 4,-0, 0, -0,1,0,0,0,1.48305, 0, 0, 0, 0, 0,1.48305, 0, 0,0.138083, 0, 0, 0, 0, 0
545,-0.47837, 1, 4,-0, 0, -0,1,0,0,0,1.48372, 0, 0, 0, 0, 0,1.48372, 0, 0,0.131089, 0, 0, 0, 0, 0
550,-0.470949, 1, 4,-0, 0, -0,1,0,0,0,1.48435, 0, 0, 0, 0, 0,1.48435, 0, 0,0.124461, 0, 0, 0, 0, 0
555,-0.463526, 1, 4,-0, 0, -0,1,0,0,0,1.48496, 0, 0, 0, 0, 0,1.48496, 0, 0,0.11818, 0, 0, 0, 0, 0
560,-0.456099, 1, 4,-0, 0, -0,1,0,0,0,1.48553, 0, 0, 0, 0, 0,1.48553, 0, 0,0.112227, 0, 0, 0, 0, 0
565,-0.44867, 1, 4,-0, 0, -0,1,0,0,0,1.48607, 0, 0, 0, 0, 0,1.48607, 0, 0,0.106582, 0, 0, 0, 0, 0
570,-0.441238, 1, 4,-0, 0, -0,1,0,0,0,1.48659, 0, 0, 0, 0, 0,1.48659, 0, 0,0.10123, 0, 0, 0, 0, 0
575,-0.433804, 1, 4,-0, 0, -0,1,0,0,0,1.48708, 0, 0, 0, 0, 0,1.48708, 0, 0,0.0961537, 0, 0, 0, 0, 0
580,-0.426367, 1, 4,-0, 0, -0,1,0,0,0,1.48755, 0, 0, 0, 0, 0,1.48755, 0, 0,0.0913384, 0, 0, 0, 0, 0
585,-0.418928, 1, 4,-0, 0, -0,1,0,0,0,1.48799, 0, 0, 0, 0, 0,1.48799, 0, 0,0.0867698, 0, 0, 0, 0, 0
590,-0.411486, 1, 4,-0, 0, -0,1,0,0,0,1.48841, 0, 0, 0, 0, 0,1.48841, 0, 0,0.0824348, 0, 0, 0, 0, 0
595,-0.404043, 1, 4,-0, 0, -0,1,0,0,0,1.48881, 0, 0, 0, 0, 0,1.48881, 0, 0,0.0783206, 0, 0, 0, 0, 0
600,-0.396598, 1, 4,-0, 0, -0,1,0,0,0,1.48919, 0, 0, 0, 0, 0,1.48919, 0, 0,0.0744156, 0, 0, 0, 0, 0
605,-0.389151, 1, 4,-0, 0, -0,1,0,0,0,1.48955, 0, 0, 0, 0, 0,1.48955, 0, 0,0.0707086, 0, 0, 0, 0, 0
610,-0.381702, 1, 4,-0, 0, -0,1,0,0,0,1.4899, 0, 0, 0, 0, 0,1.4899, 0, 0,0.0671891, 0, 0, 0, 0, 0
615,-0.374252, 1, 4,-0, 0, -0,1,0,0,0,1.49022, 0, 0, 0, 0, 0,1.49022, 0, 0,0.0638472, 0, 0, 0, 0, 0
620,-0.3668, 1, 4,-0, 0, -0,1,0,0,0,1.49053, 0, 0, 0, 0, 0,1.49053, 0, 0,0.0606737, 0, 0, 0, 0, 0
625,-0.359346, 1, 4,-0, 0, -0,1,0,0,0,1.49083, 0, 0, 0, 0, 0,1.49083, 0, 0,0.0576596, 0, 0, 0, 0, 0
630,-0.351891, 1, 4,-0, 0, -0,1,0,0,0,1.4911, 0, 0, 0, 0, 0,1.4911, 0, 0,0.0547968, 0, 0, 0, 0, 0
635,-0.344435, 1, 4,-0, 0, -0,1,0,0,0,1.49137, 0, 0, 0, 0, 0,1.49137, 0, 0,0.0520774, 0, 0, 0, 0, 0
640,-0.336977, 1, 4,-0, 0, -0,1,0,0,0,1.49162, 0, 0, 0, 0, 0,1.49162, 0, 0,0.0494939, 0, 0, 0, 0, 0
645,-0.329518, 1, 4,-0, 0, -0,1,0,0,0,1.49186, 0, 0, 0, 0, 0,1.49186, 0, 0,0.0470394, 0, 0, 0, 0, 0
650,-0.322058, 1, 4,-0, 0, -0,1,0,0,0,1.49209, 0, 0, 0, 0, 0,1.49209, 0, 0,0.0447072, 0, 0, 0, 0, 0
655,-0.314597, 1, 4,-0, 0, -0,1,0,0,0,1.49231, 0, 0, 0, 0, 0,1.49231, 0, 0,0.0424911, 0, 0, 0, 0, 0
660,-0.307135, 1, 4,-0, 0, -0,1,0,0,0,1.49251, 0, 0, 0, 0, 0,1.49251, 0, 0,0.0403851, 0, 0, 0, 0, 0
665,-0.299672, 1, 4,-0, 0, -0,1,0,0,0,1.49271, 0, 0, 0, 0, 0,1.49271, 0, 0,0.0383836, 0, 0, 0, 0, 0
670,-0.292208, 1, 4,-0, 0, -0,1,0,0,0,1.4929, 0, 0, 0, 0, 0,1.4929, 0, 0,0.0364813, 0, 0, 0, 0, 0
675,-0.284743, 1, 4,-0, 0, -0,1,0,0,0,1.49307, 0, 0, 0, 0, 0,1.49307, 0, 0,0.0346733, 0, 0, 0, 0, 0
680,-0.277277, 1, 4,-0, 0, -0,1,0,0,0,1.49324, 0, 0, 0, 0, 0,1.49324, 0, 0,0.0329546, 0, 0, 0, 0, 0
685,-0.26981, 1, 4,-0, 0, -0,1,0,0,0,1.4934, 0, 0, 0, 0, 0,1.4934, 0, 0,0.0313209, 0, 0, 0, 0, 0
690,-0.262343, 1, 4,-0, 0, -0,1,0,0,0,1.49355, 0, 0, 0, 0, 0,1.49355, 0, 0,0.0297679, 0, 0, 0, 0, 0
695,-0.254874, 1, 4,-0, 0, -0,1,0,0,0,1.4937, 0, 0, 0, 0, 0,1.4937, 0, 0,0.0282914, 0, 0, 0, 0, 0
700,-0.247406, 1, 4,-0, 0, -0,1,0,0,0,1.49383, 0, 0, 0, 0, 0,1.49383, 0, 0,0.0268877, 0, 0, 0, 0, 0
705,-0.239936, 1, 4,-0, 0, -0,1,0,0,0,1.49397, 0, 0, 0, 0, 0,1.49397, 0, 0,0.025553, 0, 0, 0, 0, 0
710,-0.232466, 1, 4,-0, 0, -0,1,0,0,0,1.49409, 0, 0, 0, 0, 0,1.49409, 0, 0,0.0242841, 0, 0, 0, 0, 0
715,-0.224995, 1, 4,-0, 0, -0,1,0,0,0,1.49421, 0, 0, 0, 0, 0,1.49421, 0, 0,0.0230775, 0, 0, 0, 0, 0
720,-0.217524, 1, 4,-0, 0, -0,1,0,0,0,1.49432, 0, 0, 0, 0, 0,1.49432, 0, 0,0.0219302, 0, 0, 0, 0, 0
725,-0.210052, 1, 4,-0, 0, -0,1,0,0,0,1.49443, 0, 0, 0, 0, 0,1.49443, 0, 0,0.0208392, 0, 0, 0, 0, 0
730,-0.202579, 1, 4,-0, 0, -0,1,0,0,0,1.49453, 0, 0, 0, 0, 0,1.49453, 0, 0,0.0198018, 0, 0, 0, 0, 0
735,-0.195106, 1, 4,-0, 0, -0,1,0,0,0,1.49462, 0, 0, 0, 0, 0,1.49462, 0, 0,0.0188152, 0, 0, 0, 0, 0
740,-0.187633, 1, 4,-0, 0, -0,1,0,0,0,1.49471, 0, 0, 0, 0, 0,1.49471, 0, 0,0.0178769, 0, 0, 0, 0, 0
745,-0.180159, 1, 4,-0, 0, -0,1,0,0,0,1.4948, 0, 0, 0, 0, 0,1.4948, 0, 0,0.0169847, 0, 0, 0, 0, 0
750,-0.172685, 1, 4,-0, 0, -0,1,0,0,0,1.49488, 0, 0, 0, 0, 0,1.49488, 0, 0,0.0161361, 0, 0, 0, 0, 0
755,-0.16521, 1, 4,-0, 0, -0,1,0,0,0,1.49496, 0, 0, 0, 0, 0,1.49496, 0, 0,0.015329, 0, 0, 0, 0, 0
760,-0.157735, 1, 4,-0, 0, -0,1,0,0,0,1.49504, 0, 0, 0, 0, 0,1.49504, 0, 0,0.0145614, 0, 0, 0, 0, 0
765,-0.15026, 1, 4,-0, 0, -0,1,0,0,0,1.49511, 0, 0, 0, 0, 0,1.49511, 0, 0,0.0138313, 0, 0, 0, 0, 0
770,-0.142784, 1, 4,-0, 0, -0,1,0,0,0,1.49517, 0, 0, 0, 0, 0,1.49517, 0, 0,0.0131369, 0, 0, 0, 0, 0
775,-0.135308, 1, 4,-0, 0, -0,1,0,0,0,1.49524, 0, 0, 0, 0, 0,1.49524, 0, 0,0.0124764, 0, 0, 0, 0, 0
780,-0.127832, 1, 4,-0, 0, -0,1,0,0,0,1.4953, 0, 0, 0, 0, 0,1.4953, 0, 0,0.0118482, 0, 0, 0, 0, 0
785,-0.120355, 1, 4,-0, 0, -0,1,0,0,0,1.49535, 0, 0, 0, 0, 0,1.49535, 0, 0,0.0112507, 0, 0, 0, 0, 0
790,-0.112878, 1, 4,-0, 0, -0,1,0,0,0,1.49541, 0, 0, 0, 0, 0,1.49541, 0, 0,0.0106823, 0, 0, 0, 0, 0
795,-0.105401, 1, 4,-0, 0, -0,1,0,0,0,1.49546, 0, 0, 0, 0, 0,1.49546, 0, 0,0.0101417, 0, 0, 0, 0, 0
800,-0.0979234, 1, 4,-0, 0, -0,1,0,0,0,1.49551, 0, 0, 0, 0, 0,1.49551, 0, 0,0.00962738, 0, 0, 0, 0, 0
805,-0.0904457, 1, 4,-0, 0, -0,1,0,0,0,1.49556, 0, 0, 0, 0, 0,1.49556, 0, 0,0.00913818, 0, 0, 0, 0, 0
810,-0.0829678, 1, 4,-0, 0, -0,1,0,0,0,1.4956, 0, 0, 0, 0, 0,1.4956, 0, 0,0.00867283, 0, 0, 0, 0, 0
815,-0.0754897, 1, 4,-0, 0, -0,1,0,0,0,1.49564, 0, 0, 0, 0, 0,1.49564, 0, 0,0.00823016, 0, 0, 0, 0, 0
820,-0.0680113, 1, 4,-0, 0, -0,1,0,0,0,1.49568, 0, 0, 0, 0, 0,1.49568, 0, 0,0.00780907, 0, 0, 0, 0, 0
825,-0.0605328, 1, 4,-0, 0, -0,1,0,0,0,1.49572, 0, 0, 0, 0, 0,1.49572, 0, 0,0.00740848, 0, 0, 0, 0, 0
830,-0.0530541, 1, 4,-0, 0, -0,1,0,0,0,1.49576, 0, 0, 0, 0, 0,1.49576, 0, 0,0.00702741, 0, 0, 0, 0, 0
835,-0.0455752, 1, 4,-0, 0, -0,1,0,0,0,1.49579, 0, 0, 0, 0, 0,1.49579, 0, 0,0.0066649, 0, 0, 0, 0, 0
840,-0.0380962, 1, 4,-0, 0, -0,1,0,0,0,1.49582, 0, 0, 0, 0, 0,1.49582, 0, 0,0.00632004, 0, 0, 0, 0, 0
845,-0.030617, 1, 4,-0, 0, -0,1,0,0,0,1.49585, 0, 0, 0, 0, 0,1.49585, 0, 0,0.00599197, 0, 0, 0, 0, 0
850,-0.0231376, 1, 4,-0, 0, -0,1,0,0,0,1.49588, 0, 0, 0, 0, 0,1.49588, 0, 0,0.00567987, 0, 0, 0, 0, 0
855,-0.0156581, 1, 4,-0, 0, -0,1,0,0,0,1.49591, 0, 0, 0, 0, 0,1.49591, 0, 0,0.00538296, 0, 0, 0, 0, 0
860,-0.00817848, 1, 4,-0, 0, -0,1,0,0,0,1.49594, 0, 0, 0, 0, 0,1.49594, 0, 0,0.00510049, 0, 0, 0, 0, 0
865,-0.000698724, 1, 4,-0, 0, -0,1,0,0,0,1.49596, 0, 0, 0, 0, 0,1.49596, 0, 0,0.00483177, 0, 0, 0, 0, 0
870,0.00678115, 1, 4,-0, 0, -0,1,0,0,0,1.49598, 0, 0, 0, 0, 0,1.49598, 0, 0,0.00457612, 0, 0, 0, 0, 0
875,0.0142611, 1, 4,-0, 0, -0,1,0,0,0,1.49601, 0, 0, 0, 0, 0,1.49601, 0, 0,0.00433291, 0, 0, 0, 0, 0
880,0.0217412, 1, 4,-0, 0, -0,1,0,0,0,1.49603, 0, 0, 0, 0, 0,1.49603, 0, 0,0.00410153, 0, 0, 0, 0, 0
885,0.0292214, 1, 4,-0, 0, -0,1,0,0,0,1.49605, 0, 0, 0, 0, 0,1.49605, 0, 0,0.0038814, 0, 0, 0, 0, 0
890,0.0367017, 1, 4,-0, 0, -0,1,0,0,0,1.49607, 0, 0, 0, 0, 0,1.49607, 0, 0,0.00367197, 0, 0, 0, 0, 0
895,0.0441821, 1, 4,-0, 0, -0,1,0,0,0,1.49608, 0, 0, 0, 0, 0,1.49608, 0, 0,0.00347273, 0, 0, 0, 0, 0
900,0.0516626, 1, 4,-0, 0, -0,1,0,0,0,1.4961, 0, 0, 0, 0, 0,1.4961, 0, 0,0.00328318, 0, 0, 0, 0, 0
905,0.0591431, 1, 4,-0, 0, -0,1,0,0,0,1.49612, 0, 0, 0, 0, 0,1.49612, 0, 0,0.00310283, 0, 0, 0, 0, 0
910,0.0666238, 1, 4,-0, 0, -0,1,0,0,0,1.49613, 0, 0, 0, 0, 0,1.49613, 0, 0,0.00293126, 0, 0, 0, 0, 0
915,0.0741045, 1, 4,-0, 0, -0,1,0,0,0,1.49615, 0, 0, 0, 0, 0,1.49615, 0, 0,0.00276803, 0, 0, 0, 0, 0
920,0.0815852, 1, 4,-0, 0, -0,1,0,0,0,1.49616, 0, 0, 0, 0, 0,1.49616, 0, 0,0.00261273, 0, 0, 0, 0, 0
925,0.0890661, 1, 4,-0, 0, -0,1,0,0,0,1.49617, 0, 0, 0, 0, 0,1.49617, 0, 0,0.00246497, 0, 0, 0, 0, 0
930,0.0965469, 1, 4,-0, 0, -0,1,0,0,0,1.49618, 0, 0, 0, 0, 0,1.49618, 0, 0,0.0023244, 0, 0, 0, 0, 0
935,0.104028, 1, 4,-0, 0, -0,1,0,0,0,1.49619, 0, 0, 0, 0, 0,1.49619, 0, 0,0.00219066, 0, 0, 0, 0, 0
940,0.111509, 1, 4,-0, 0, -0,1,0,0,0,1.49621, 0, 0, 0, 0, 0,1.49621, 0, 0,0.00206342, 0, 0, 0, 0, 0
945,0.11899, 1, 4,-0, 0, -0,1,0,0,0,1.49622, 0, 0, 0, 0, 0,1.49622, 0, 0,0.00194236, 0, 0, 0, 0, 0
950,0.126471, 1, 4,-0, 0, -0,1,0,0,0,1.49622, 0, 0, 0, 0, 0,1.49622, 0, 0,0.00182718, 0, 0, 0, 0, 0
955,0.133952, 1, 4,-0, 0, -0,1,0,0,0,1.49623, 0, 0, 0, 0, 0,1.49623, 0, 0,0.0017176, 0, 0, 0, 0, 0
960,0.141433, 1, 4,-0, 0, -0,1,0,0,0,1.49624, 0, 0, 0, 0, 0,1.49624, 0, 0,0.00161334, 0, 0, 0, 0, 0
965,0.148915, 1, 4,-0, 0, -0,1,0,0,0,1.49625, 0, 0, 0, 0, 0,1.49625, 0, 0,0.00151415, 0, 0, 0, 0, 0
970,0.156396, 1, 4,-0, 0, -0,1,0,0,0,1.49626, 0, 0, 0, 0, 0,1.49626, 0, 0,0.00141977, 0, 0, 0, 0, 0
975,0.163877, 1, 4,-0, 0, -0,1,0,0,0,1.49626, 0, 0, 0, 0, 0,1.49626, 0, 0,0.00132998, 0, 0, 0, 0, 0
980,0.171359, 1, 4,-0, 0, -0,1,0,0,0,1.49627, 0, 0, 0, 0, 0,1.49627, 0, 0,0.00124455, 0, 0, 0, 0, 0
985,0.17884, 1, 4,-0, 0, -0,1,0,0,0,1.49628, 0, 0, 0, 0, 0,1.49628, 0, 0,0.00116328, 0, 0, 0, 0, 0
990,0.186321, 1, 4,-0, 0, -0,1,0,0,0,1.49628, 0, 0, 0, 0, 0,1.49628, 0, 0,0.00108595, 0, 0, 0, 0, 0
995,0.193803, 1, 4,-0, 0, -0,1,0,0,0,1.49629, 0, 0, 0, 0, 0,1.49629, 0, 0,0.00101237, 0, 0, 0, 0, 0
1000,0.201284, 1, 4,-0, 0, -0,1,0,0,0,1.49629, 0, 0, 0, 0, 0,1.49629, 0, 0,0.000942371, 0, 0, 0, 0, 0
1005,0.208766, 1, 4,-0, 0, -0,1,0,0,0,1.4963, 0, 0, 0, 0, 0,1.4963, 0, 0,0.00087577, 0, 0, 0, 0, 0
1010,0.216247, 1, 4,-0, 0, -0,1,0,0,0,1.4963, 0, 0, 0, 0, 0,1.4963, 0, 0,0.000812404, 0, 0, 0, 0, 0
1015,0.223729, 1, 4,-0, 0, -0,1,0,0,0,1.4963, 0, 0, 0, 0, 0,1.4963, 0, 0,0.000752116, 0, 0, 0, 0, 0
1020,0.23121, 1, 4,-0, 0, -0,1,0,0,0,1.49631, 0, 0, 0, 0, 0,1.49631, 0, 0,0.000694756, 0, 0, 0, 0, 0
1025,0.238692, 1, 4,-0, 0, -0,1,0,0,0,1.49631, 0, 0, 0, 0, 0,1.49631, 0, 0,0.000640182, 0, 0, 0, 0, 0
1030,0.246173, 1, 4,-0, 0, -0,1,0,0,0,1.49631, 0, 0, 0, 0, 0,1.49631, 0, 0,0.000588258, 0, 0, 0, 0, 0
1035,0.253655, 1, 4,-0, 0, -0,1,0,0,0,1.49632, 0, 0, 0, 0, 0,1.49632, 0, 0,0.000538856, 0, 0, 0, 0, 0
1040,0.261136, 1, 4,-0, 0, -0,1,0,0,0,1.49632, 0, 0, 0, 0, 0,1.49632, 0, 0,0.000491853, 0, 0, 0, 0, 0
1045,0.268618, 1, 4,-0, 0, -0,1,0,0,0,1.49632, 0, 0, 0, 0, 0,1.49632, 0, 0,0.000447134, 0, 0, 0, 0, 0
1050,0.2761, 1, 4,-0, 0, -0,1,0,0,0,1.49632, 0, 0, 0, 0, 0,1.49632, 0, 0,0.000404586, 0, 0, 0, 0, 0
1055,0.283581, 1, 4,-0, 0, -0,1,0,0,0,1.49633, 0, 0, 0, 0, 0,1.49633, 0, 0,0.000364104, 0, 0, 0, 0, 0
1060,0.291063, 1, 4,-0, 0, -0,1,0,0,0,1.49633, 0, 0, 0, 0, 0,1.49633, 0, 0,0.000325589, 0, 0, 0, 0, 0
1065,0.298545, 1, 4,-0, 0, -0,1,0,0,0,1.49633, 0, 0, 0, 0, 0,1.49633, 0, 0,0.000288944, 0, 0, 0, 0, 0
1070,0.306026, 1, 4,-0, 0, -0,1,0,0,0,1.49633, 0, 0, 0, 0, 0,1.49633, 0, 0,0.000254079, 0, 0, 0, 0, 0
1075,0.313508, 1, 4,-0, 0, -0,1,0,0,0,1.49633, 0, 0, 0, 0, 0,1.49633, 0, 0,0.000220907, 0, 0, 0, 0, 0
1080,0.32099, 1, 4,-0, 0, -0,1,0,0,0,1.49633, 0, 0, 0, 0, 0,1.49633, 0, 0,0.000189346, 0, 0, 0, 0, 0
1085,0.328471, 1, 4,-0, 0, -0,1,0,0,0,1.49633, 0, 0, 0, 0, 0,1.49633, 0, 0,0.000159319, 0, 0, 0, 0, 0
1090,0.335953, 1, 4,-0, 0, -0,1,0,0,0,1.49633, 0, 0, 0, 0, 0,1.49633, 0, 0,0.000130749, 0, 0, 0, 0, 0
1095,0.343435, 1, 4,-0, 0, -0,1,0,0,0,1.49633, 0, 0, 0, 0, 0,1.49633, 0, 0,0.000103567, 0, 0, 0, 0, 0
1100,0.350916, 1, 4,-0, 0, -0,1,0,0,0,1.49633, 0, 0, 0, 0, 0,1.49633, 0, 0,7.77059e-05, 0, 0, 0, 0, 0
1105,0.358398, 1, 4,-0, 0, -0,1,0,0,0,1.49634, 0, 0, 0, 0, 0,1.49634, 0, 0,5.31005e-05, 0, 0, 0, 0, 0
1110,0.36588, 1, 4,-0, 0, -0,1,0,0,0,1.49634, 0, 0, 0, 0, 0,1.49634, 0, 0,2.96903e-05, 0, 0, 0, 0, 0
1115,0.373361, 1, 4,-0, 0, -0,1,0,0,0,1.49634, 0, 0, 0, 0, 0,1.49634, 0, 0,7.41722e-06, 0, 0, 0, 0, 0
1120,0.380843, 1, 4,-0, 0, -0,1,0,0,0,1.49634, 0, 0, 0, 0, 0,1.49634, 0, 0,-1.37739e-05, 0, 0, 0, 0, 0
1125,0.388325, 1, 4,-0, 0, -0,1,0,0,0,1.49634, 0, 0, 0, 0, 0,1.49634, 0, 0,-3.39357e-05, 0, 0, 0, 0, 0
1130,0.395806, 1, 4,-0, 0, -0,1,0,0,0,1.49634, 0, 0, 0, 0, 0,1.49634, 0, 0,-5.3118e-05, 0, 0, 0, 0, 0
1135,0.403288, 1, 4,-0, 0, -0,1,0,0,0,1.49633, 0, 0, 0, 0, 0,1.49633, 0, 0,-7.13685e-05, 0, 0, 0, 0, 0
1140,0.41077, 1, 4,-0, 0, -0,1,0,0,0,1.49633, 0, 0, 0, 0, 0,1.49633, 0, 0,-8.87323e-05, 0, 0, 0, 0, 0
1145,0.418251, 1, 4,-0, 0, -0,1,0,0,0,1.49633, 0, 0, 0, 0, 0,1.49633, 0, 0,-0.000105253, 0, 0, 0, 0, 0
1150,0.425733, 1, 4,-0, 0, -0,1,0,0,0,1.49633, 0, 0, 0, 0, 0,1.49633, 0, 0,-0.00012097, 0, 0, 0, 0, 0
1155,0.433215, 1, 4,-0, 0, -0,1,0,0,0,1.49633, 0, 0, 0, 0, 0,1.49633, 0, 0,-0.000135924, 0, 0, 0, 0, 0
1160,0.440696, 1, 4,-0, 0, -0,1,0,0,0,1.49633, 0, 0, 0, 0, 0,1.49633, 0, 0,-0.000150151, 0, 0, 0, 0, 0
1165,0.448178, 1, 4,-0, 0, -0,1,0,0,0,1.49633, 0, 0, 0, 0, 0,1.49633, 0, 0,-0.000163687, 0, 0, 0, 0, 0
1170,0.45566, 1, 4,-0, 0, -0,1,0,0,0,1.49633, 0, 0, 0, 0, 0,1.49633, 0, 0,-0.000176566, 0, 0, 0, 0, 0
1175,0.463141, 1, 4,-0, 0, -0,1,0,0,0,1.49633, 0, 0, 0, 0, 0,1.49633, 0, 0,-0.000188818, 0, 0, 0, 0, 0
1180,0.470623, 1, 4,-0, 0, -0,1,0,0,0,1.49633, 0, 0, 0, 0, 0,1.49633, 0, 0,-0.000200475, 0, 0, 0, 0, 0
1185,0.478105, 1, 4,-0, 0, -0,1,0,0,0,1.49633, 0, 0, 0, 0, 0,1.49633, 0, 0,-0.000211565, 0, 0, 0, 0, 0
1190,0.485586, 1, 4,-0, 0, -0,1,0,0,0,1.49633, 0, 0, 0, 0, 0,1.49633, 0, 0,-0.000222116, 0, 0, 0, 0, 0
1195,0.493068, 1, 4,-0, 0, -0,1,0,0,0,1.49633, 0, 0, 0, 0, 0,1.49633, 0, 0,-0.000232155, 0, 0, 0, 0, 0
1200,0.500549, 1, 4,-0, 0, -0,1,0,0,0,1.49632, 0, 0, 0, 0, 0,1.49632, 0, 0,-0.000241705, 0, 0, 0, 0, 0
1205,0.508031, 1, 4,-0, 0, -0,1,0,0,0,1.49632, 0, 0, 0, 0, 0,1.49632, 0, 0,-0.000250791, 0, 0, 0, 0, 0
1210,0.515513, 1, 4,-0, 0, -0,1,0,0,0,1.49632, 0, 0, 0, 0, 0,1.49632, 0, 0,-0.000259436, 0, 0, 0, 0, 0
1215,0.522994, 1, 4,-0, 0, -0,1,0,0,0,1.49632, 0, 0, 0, 0, 0,1.49632, 0, 0,-0.000267659, 0, 0, 0, 0, 0
1220,0.530476, 1, 4,-0, 0, -0,1,0,0,0,1.49632, 0, 0, 0, 0, 0,1.49632, 0, 0,-0.000275484, 0, 0, 0, 0, 0
1225,0.537957, 1, 4,-0, 0, -0,1,0,0,0,1.49632, 0, 0, 0, 0, 0,1.49632, 0, 0,-0.000282927, 0, 0, 0, 0, 0
1230,0.545439, 1, 4,-0, 0, -0,1,0,0,0,1.49632, 0, 0, 0, 0, 0,1.49632, 0, 0,-0.000290009, 0, 0, 0, 0, 0
1235,0.552921, 1, 4,-0, 0, -0,1,0,0,0,1.49631, 0, 0, 0, 0, 0,1.49631, 0, 0,-0.000296746, 0, 0, 0, 0, 0
1240,0.560402, 1, 4,-0, 0, -0,1,0,0,0,1.49631, 0, 0, 0, 0, 0,1.49631, 0, 0,-0.000303155, 0, 0, 0, 0, 0
1245,0.567884, 1, 4,-0, 0, -0,1,0,0,0,1.49631, 0, 0, 0, 0, 0,1.49631, 0, 0,-0.000309252, 0, 0, 0, 0, 0
1250,0.575365, 1, 4,-0, 0, -0,1,0,0,0,1.49631, 0, 0, 0, 0, 0,1.49631, 0, 0,-0.000315053, 0, 0, 0, 0, 0
1255,0.582847, 1, 4,-0, 0, -0,1,0,0,0,1.49631, 0, 0, 0, 0, 0,1.49631, 0, 0,-0.000320571, 0, 0, 0, 0, 0
1260,0.590328, 1, 4,-0, 0, -0,1,0,0,0,1.49631, 0, 0, 0, 0, 0,1.49631, 0, 0,-0.000325821, 0, 0, 0, 0, 0
1265,0.59781, 1, 4,-0, 0, -0,1,0,0,0,1.4963, 0, 0, 0, 0, 0,1.4963, 0, 0,-0.000330815, 0, 0, 0, 0, 0
1270,0.605291, 1, 4,-0, 0, -0,1,0,0,0,1.4963, 0, 0, 0, 0, 0,1.4963, 0, 0,-0.000335566, 0, 0, 0, 0, 0
1275,0.612773, 1, 4,-0, 0, -0,1,0,0,0,1.4963, 0, 0, 0, 0, 0,1.4963, 0, 0,-0.000340086, 0, 0, 0, 0, 0
1280,0.620254, 1, 4,-0, 0, -0,1,0,0,0,1.4963, 0, 0, 0, 0, 0,1.4963, 0, 0,-0.000344386, 0, 0, 0, 0, 0
1285,0.627736, 1, 4,-0, 0, -0,1,0,0,0,1.4963, 0, 0, 0, 0, 0,1.4963, 0, 0,-0.000348476, 0, 0, 0, 0, 0
1290,0.635217, 1, 4,-0, 0, -0,1,0,0,0,1.4963, 0, 0, 0, 0, 0,1.4963, 0, 0,-0.000352367, 0, 0, 0, 0, 0
1295,0.642699, 1, 4,-0, 0, -0,1,0,0,0,1.49629, 0, 0, 0, 0, 0,1.49629, 0, 0,-0.000356068, 0, 0, 0, 0, 0
1300,0.65018, 1, 4,-0, 0, -0,1,0,0,0,1.49629, 0, 0, 0, 0, 0,1.49629, 0, 0,-0.000359589, 0, 0, 0, 0, 0
1305,0.657662, 1, 4,-0, 0, -0,1,0,0,0,1.49629, 0, 0, 0, 0, 0,1.49629, 0, 0,-0.000362938, 0, 0, 0, 0, 0
1310,0.665143, 1, 4,-0, 0, -0,1,0,0,0,1.49629, 0, 0, 0, 0, 0,1.49629, 0, 0,-0.000366124, 0, 0, 0, 0, 0
1315,0.672625, 1, 4,-0, 0, -0,1,0,0,0,1.49629, 0, 0, 0, 0, 0,1.49629, 0, 0,-0.000369154, 0, 0, 0, 0, 0
1320,0.680106, 1, 4,-0, 0, -0,1,0,0,0,1.49629, 0, 0, 0, 0, 0,1.49629, 0, 0,-0.000372037, 0, 0, 0, 0, 0
1325,0.687588, 1, 4,-0, 0, -0,1,0,0,0,1.49628, 0, 0, 0, 0, 0,1.49628, 0, 0,-0.000374779, 0, 0, 0, 0, 0
1330,0.695069, 1, 4,-0, 0, -0,1,0,0,0,1.49628, 0, 0, 0, 0, 0,1.49628, 0, 0,-0.000377387, 0, 0, 0, 0, 0
1335,0.70255, 1, 4,-0, 0, -0,1,0,0,0,1.49628, 0, 0, 0, 0, 0,1.49628, 0, 0,-0.000379868, 0, 0, 0, 0, 0
1340,0.710032, 1, 4,-0, 0, -0,1,0,0,0,1.49628, 0, 0, 0, 0, 0,1.49628, 0, 0,-0.000382227, 0, 0, 0, 0, 0
1345,0.717513, 1, 4,-0, 0, -0,1,0,0,0,1.49628, 0, 0, 0, 0, 0,1.49628, 0, 0,-0.000384471, 0, 0, 0, 0, 0
1350,0.724995, 1, 4,-0, 0, -0,1,0,0,0,1.49627, 0, 0, 0, 0, 0,1.49627, 0, 0,-0.000386606, 0, 0, 0, 0, 0
1355,0.732476, 1, 4,-0, 0, -0,1,0,0,0,1.49627, 0, 0, 0, 0, 0,1.49627, 0, 0,-0.000388636, 0, 0, 0, 0, 0
1360,0.739957, 1, 4,-0, 0, -0,1,0,0,0,1.49627, 0, 0, 0, 0, 0,1.49627, 0, 0,-0.000390567, 0, 0, 0, 0, 0
1365,0.747439, 1, 4,-0, 0, -0,1,0,0,0,1.49627, 0, 0, 0, 0, 0,1.49627, 0, 0,-0.000392403, 0, 0, 0, 0, 0
1370,0.75492, 1, 4,-0, 0, -0,1,0,0,0,1.49627, 0, 0, 0, 0, 0,1.49627, 0, 0,-0.00039415, 0, 0, 0, 0, 0
1375,0.762401, 1, 4,-0, 0, -0,1,0,0,0,1.49626, 0, 0, 0, 0, 0,1.49626, 0, 0,-0.000395811, 0, 0, 0, 0, 0
1380,0.769883, 1, 4,-0, 0, -0,1,0,0,0,1.49626, 0, 0, 0, 0, 0,1.49626, 0, 0,-0.000397391, 0, 0, 0, 0, 0
1385,0.777364, 1, 4,-0, 0, -0,1,0,0,0,1.49626, 0, 0, 0, 0, 0,1.49626, 0, 0,-0.000398893, 0, 0, 0, 0, 0
1390,0.784845, 1, 4,-0, 0, -0,1,0,0,0,1.49626, 0, 0, 0, 0, 0,1.49626, 0, 0,-0.000400321, 0, 0, 0, 0, 0
1395,0.792326, 1, 4,-0, 0, -0,1,0,0,0,1.49626, 0, 0, 0, 0, 0,1.49626, 0, 0,-0.00040168, 0, 0, 0, 0, 0
1400,0.799808, 1, 4,-0, 0, -0,1,0,0,0,1.49625, 0, 0, 0, 0, 0,1.49625, 0, 0,-0.000402971, 0, 0, 0, 0, 0
1405,0.807289, 1, 4,-0, 0, -0,1,0,0,0,1.49625, 0, 0, 0, 0, 0,1.49625, 0, 0,-0.000404199, 0, 0, 0, 0, 0
1410,0.81477, 1, 4,-0, 0, -0,1,0,0,0,1.49625, 0, 0, 0, 0, 0,1.49625, 0, 0,-0.000405367, 0, 0, 0, 0, 0
1415,0.822251, 1, 4,-0, 0, -0,1,0,0,0,1.49625, 0, 0, 0, 0, 0,1.49625, 0, 0,-0.000406478, 0, 0, 0, 0, 0
1420,0.829733, 1, 4,-0, 0, -0,1,0,0,0,1.49625, 0, 0, 0, 0, 0,1.49625, 0, 0,-0.000407533, 0, 0, 0, 0, 0
1425,0.837214, 1, 4,-0, 0, -0,1,0,0,0,1.49624, 0, 0, 0, 0, 0,1.49624, 0, 0,-0.000408537, 0, 0, 0, 0, 0
1430,0.844695, 1, 4,-0, 0, -0,1,0,0,0,1.49624, 0, 0, 0, 0, 0,1.49624, 0, 0,-0.000409491, 0, 0, 0, 0, 0
1435,0.852176, 1, 4,-0, 0, -0,1,0,0,0,1.49624, 0, 0, 0, 0, 0,1.49624, 0, 0,-0.000410399, 0, 0, 0, 0, 0
1440,0.859658, 1, 4,-0, 0, -0,1,0,0,0,1.49624, 0, 0, 0, 0, 0,1.49624, 0, 0,-0.000411261, 0, 0, 0, 0, 0
1445,0.867139, 1, 4,-0, 0, -0,1,0,0,0,1.49624, 0, 0, 0, 0, 0,1.49624, 0, 0,-0.000412081, 0, 0, 0, 0, 0
1450,0.87462, 1, 4,-0, 0, -0,1,0,0,0,1.49623, 0, 0, 0, 0, 0,1.49623, 0, 0,-0.00041286, 0, 0, 0, 0, 0
1455,0.882101, 1, 4,-0, 0, -0,1,0,0,0,1.49623, 0, 0, 0, 0, 0,1.49623, 0, 0,-0.0004136, 0, 0, 0, 0, 0
1460,0.889582, 1, 4,-0, 0, -0,1,0,0,0,1.49623, 0, 0, 0, 0, 0,1.49623, 0, 0,-0.000414304, 0, 0, 0, 0, 0
1465,0.897063, 1, 4,-0, 0, -0,1,0,0,0,1.49623, 0, 0, 0, 0, 0,1.49623, 0, 0,-0.000414973, 0, 0, 0, 0, 0
1470,0.904545, 1, 4,-0, 0, -0,1,0,0,0,1.49623, 0, 0, 0, 0, 0,1.49623, 0, 0,-0.000415609, 0, 0, 0, 0, 0
1475,0.912026, 1, 4,-0, 0, -0,1,0,0,0,1.49622, 0, 0, 0, 0, 0,1.49622, 0, 0,-0.000416213, 0, 0, 0, 0, 0
1480,0.919507, 1, 4,-0, 0, -0,1,0,0,0,1.49622, 0, 0, 0, 0, 0,1.49622, 0, 0,-0.000416787, 0, 0, 0, 0, 0
1485,0.926988, 1, 4,-0, 0, -0,1,0,0,0,1.49622, 0, 0, 0, 0, 0,1.49622, 0, 0,-0.000417332, 0, 0, 0, 0, 0
1490,0.934469, 1, 4,-0, 0, -0,1,0,0,0,1.49622, 0, 0, 0, 0, 0,1.49622, 0, 0,-0.00041785, 0, 0, 0, 0, 0
1495,0.94195, 1, 4,-0, 0, -0,1,0,0,0,1.49622, 0, 0, 0, 0, 0,1.49622, 0, 0,-0.000418343, 0, 0, 0, 0, 0
1500,0.949431, 1, 4,-0, 0, -0,1,0,0,0,1.49621, 0, 0, 0, 0, 0,1.49621, 0, 0,-0.00041881, 0, 0, 0, 0, 0
1505,0.956912, 1, 4,-0, 0, -0,1,0,0,0,1.49621, 0, 0, 0, 0, 0,1.49621, 0, 0,-0.000419254, 0, 0, 0, 0, 0
1510,0.964393, 1, 4,-0, 0, -0,1,0,0,0,1.49621, 0, 0, 0, 0, 0,1.49621, 0, 0,-0.000419676, 0, 0, 0, 0, 0
1515,0.971874, 1, 4,-0, 0, -0,1,0,0,0,1.49621, 0, 0, 0, 0, 0,1.49621, 0, 0,-0.000420077, 0, 0, 0, 0, 0
1520,0.979355, 1, 4,-0, 0, -0,1,0,0,0,1.4962, 0, 0, 0, 0, 0,1.4962, 0, 0,-0.000420457, 0, 0, 0, 0, 0
1525,0.986836, 1, 4,-0, 0, -0,1,0,0,0,1.4962, 0, 0, 0, 0, 0,1.4962, 0, 0,-0.000420818, 0, 0, 0, 0, 0
1530,0.994317, 1, 4,-0, 0, -0,1,0,0,0,1.4962, 0, 0, 0, 0, 0,1.4962, 0, 0,-0.000421161, 0, 0, 0, 0, 0
1535,1.0018, 1, 4,-0, 0, -0,1,0,0,0,1.4962, 0, 0, 0, 0, 0,1.4962, 0, 0,-0.000421486, 0, 0, 0, 0, 0
1540,1.00928, 1, 4,-0, 0, -0,1,0,0,0,1.4962, 0, 0, 0, 0, 0,1.4962, 0, 0,-0.000421795, 0, 0, 0, 0, 0
1545,1.01676, 1, 4,-0, 0, -0,1,0,0,0,1.49619, 0, 0, 0, 0, 0,1.49619, 0, 0,-0.000422088, 0, 0, 0, 0, 0
1550,1.02424, 1, 4,-0, 0, -0,1,0,0,0,1.49619, 0, 0, 0, 0, 0,1.49619, 0, 0,-0.000422366, 0, 0, 0, 0, 0
1555,1.03172, 1, 4,-0, 0, -0,1,0,0,0,1.49619, 0, 0, 0, 0, 0,1.49619, 0, 0,-0.00042263, 0, 0, 0, 0, 0
1560,1.0392, 1, 4,-0, 0, -0,1,0,0,0,1.49619, 0, 0, 0, 0, 0,1.49619, 0, 0,-0.00042288, 0, 0, 0, 0, 0
1565,1.04668, 1, 4,-0, 0, -0,1,0,0,0,1.49619, 0, 0, 0, 0, 0,1.49619, 0, 0,-0.000423117, 0, 0, 0, 0, 0
1570,1.05416, 1, 4,-0, 0, -0,1,0,0,0,1.49618, 0, 0, 0, 0, 0,1.49618, 0, 0,-0.000423342, 0, 0, 0, 0, 0
1575,1.06165, 1, 4,-0, 0, -0,1,0,0,0,1.49618, 0, 0, 0, 0, 0,1.49618, 0, 0,-0.000423556, 0, 0, 0, 0, 0
1580,1.06913, 1, 4,-0, 0, -0,1,0,0,0,1.49618, 0, 0, 0, 0, 0,1.49618, 0, 0,-0.000423758, 0, 0, 0, 0, 0
1585,1.07661, 1, 4,-0, 0, -0,1,0,0,0,1.49618, 0, 0, 0, 0, 0,1.49618, 0, 0,-0.00042395, 0, 0, 0, 0, 0
1590,1.08409, 1, 4,-0, 0, -0,1,0,0,0,1.49618, 0, 0, 0, 0, 0,1.49618, 0, 0,-0.000424131, 0, 0, 0, 0, 0
1595,1.09157, 1, 4,-0, 0, -0,1,0,0,0,1.49617, 0, 0, 0, 0, 0,1.49617, 0, 0,-0.000424303, 0, 0, 0, 0, 0
1600,1.09905, 1, 4,-0, 0, -0,1,0,0,0,1.49617, 0, 0, 0, 0, 0,1.49617, 0, 0,-0.000424466, 0, 0, 0, 0, 0
1605,1.10653, 1, 4,-0, 0, -0,1,0,0,0,1.49617, 0, 0, 0, 0, 0,1.49617, 0, 0,-0.00042462, 0, 0, 0, 0, 0
1610,1.11401, 1, 4,-0, 0, -0,1,0,0,0,1.49617, 0, 0, 0, 0, 0,1.49617, 0, 0,-0.000424766, 0, 0, 0, 0, 0
1615,1.12149, 1, 4,-0, 0, -0,1,0,0,0,1.49616, 0, 0, 0, 0, 0,1.49616, 0, 0,-0.000424904, 0, 0, 0, 0, 0
1620,1.12897, 1, 4,-0, 0, -0,1,0,0,0,1.49616, 0, 0, 0, 0, 0,1.49616, 0, 0,-0.000425035, 0, 0, 0, 0, 0
1625,1.13645, 1, 4,-0, 0, -0,1,0,0,0,1.49616, 0, 0, 0, 0, 0,1.49616, 0, 0,-0.000425158, 0, 0, 0, 0, 0
1630,1.14394, 1, 4,-0, 0, -0,1,0,0,0,1.49616, 0, 0, 0, 0, 0,1.49616, 0, 0,-0.000425275, 0, 0, 0, 0, 0
1635,1.15142, 1, 4,-0, 0, -0,1,0,0,0,1.49616, 0, 0, 0, 0, 0,1.49616, 0, 0,-0.000425385, 0, 0, 0, 0, 0
1640,1.1589, 1, 4,-0, 0, -0,1,0,0,0,1.49615, 0, 0, 0, 0, 0,1.49615, 0, 0,-0.000425489, 0, 0, 0, 0, 0
1645,1.16638, 1, 4,-0, 0, -0,1,0,0,0,1.49615, 0, 0, 0, 0, 0,1.49615, 0, 0,-0.000425588, 0, 0, 0, 0, 0
1650,1.17386, 1, 4,-0, 0, -0,1,0,0,0,1.49615, 0, 0, 0, 0, 0,1.49615, 0, 0,-0.000425681, 0, 0, 0, 0, 0
1655,1.18134, 1, 4,-0, 0, -0,1,0,0,0,1.49615, 0, 0, 0, 0, 0,1.49615, 0, 0,-0.000425768, 0, 0, 0, 0, 0
1660,1.18882, 1, 4,-0, 0, -0,1,0,0,0,1.49615, 0, 0, 0, 0, 0,1.49615, 0, 0,-0.000425851, 0, 0, 0, 0, 0
1665,1.1963, 1, 4,-0, 0, -0,1,0,0,0,1.49614, 0, 0, 0, 0, 0,1.49614, 0, 0,-0.000425928, 0, 0, 0, 0, 0
1670,1.20378, 1, 4,-0, 0, -0,1,0,0,0,1.49614, 0, 0, 0, 0, 0,1.49614, 0, 0,-0.000426002, 0, 0, 0, 0, 0
1675,1.21126, 1, 4,-0, 0, -0,1,0,0,0,1.49614, 0, 0, 0, 0, 0,1.49614, 0, 0,-0.00042607, 0, 0, 0, 0, 0
1680,1.21874, 1, 4,-0, 0, -0,1,0,0,0,1.49614, 0, 0, 0, 0, 0,1.49614, 0, 0,-0.000426135, 0, 0, 0, 0, 0
1685,1.22622, 1, 4,-0, 0, -0,1,0,0,0,1.49613, 0, 0, 0, 0, 0,1.49613, 0, 0,-0.000426196, 0, 0, 0, 0, 0
1690,1.2337, 1, 4,-0, 0, -0,1,0,0,0,1.49613, 0, 0, 0, 0, 0,1.49613, 0, 0,-0.000426253, 0, 0, 0, 0, 0
1695,1.24118, 1, 4,-0, 0, -0,1,0,0,0,1.49613, 0, 0, 0, 0, 0,1.49613, 0, 0,-0.000426307, 0, 0, 0, 0, 0
1700,1.24867, 1, 4,-0, 0, -0,1,0,0,0,1.49613, 0, 0, 0, 0, 0,1.49613, 0, 0,-0.000426357, 0, 0, 0, 0, 0
1705,1.25615, 1, 4,-0, 0, -0,1,0,0,0,1.49613, 0, 0, 0, 0, 0,1.49613, 0, 0,-0.000426404, 0, 0, 0, 0, 0
1710,1.26363, 1, 4,-0, 0, -0,1,0,0,0,1.49612, 0, 0, 0, 0, 0,1.49612, 0, 0,-0.000426448, 0, 0, 0, 0, 0
1715,1.27111, 1, 4,-0, 0, -0,1,0,0,0,1.49612, 0, 0, 0, 0, 0,1.49612, 0, 0,-0.000426489, 0, 0, 0, 0, 0
1720,1.27859, 1, 4,-0, 0, -0,1,0,0,0,1.49612, 0, 0, 0, 0, 0,1.49612, 0, 0,-0.000426527, 0, 0, 0, 0, 0
1725,1.28607, 1, 4,-0, 0, -0,1,0,0,0,1.49612, 0, 0, 0, 0, 0,1.49612, 0, 0,-0.000426563, 0, 0, 0, 0, 0
1730,1.29355, 1, 4,-0, 0, -0,1,0,0,0,1.49612, 0, 0, 0, 0, 0,1.49612, 0, 0,-0.000426596, 0, 0, 0, 0, 0
1735,1.30103, 1, 4,-0, 0, -0,1,0,0,0,1.49611, 0, 0, 0, 0, 0,1.49611, 0, 0,-0.000426627, 0, 0, 0, 0, 0
1740,1.30851, 1, 4,-0, 0, -0,1,0,0,0,1.49611, 0, 0, 0, 0, 0,1.49611, 0, 0,-0.000426655, 0, 0, 0, 0, 0
1745,1.31599, 1, 4,-0, 0, -0,1,0,0,0,1.49611, 0, 0, 0, 0, 0,1.49611, 0, 0,-0.000426682, 0, 0, 0, 0, 0
1750,1.32347, 1, 4,-0, 0, -0,1,0,0,0,1.49611, 0, 0, 0, 0, 0,1.49611, 0, 0,-0.000426706, 0, 0, 0, 0, 0
1755,1.33095, 1, 4,-0, 0, -0,1,0,0,0,1.4961, 0, 0, 0, 0, 0,1.4961, 0, 0,-0.000426728, 0, 0, 0, 0, 0
1760,1.33843, 1, 4,-0, 0, -0,1,0,0,0,1.4961, 0, 0, 0, 0, 0,1.4961, 0, 0,-0.000426749, 0, 0, 0, 0, 0
1765,1.34591, 1, 4,-0, 0, -0,1,0,0,0,1.4961, 0, 0, 0, 0, 0,1.4961, 0, 0,-0.000426768, 0, 0, 0, 0, 0
1770,1.35339, 1, 4,-0, 0, -0,1,0,0,0,1.4961, 0, 0, 0, 0, 0,1.4961, 0, 0,-0.000426785, 0, 0, 0, 0, 0
1775,1.36087, 1, 4,-0, 0, -0,1,0,0,0,1.4961, 0, 0, 0, 0, 0,1.4961, 0, 0,-0.0004268, 0, 0, 0, 0, 0
1780,1.36835, 1, 4,-0, 0, -0,1,0,0,0,1.49609, 0, 0, 0, 0, 0,1.49609, 0, 0,-0.000426814, 0, 0, 0, 0, 0
1785,1.37583, 1, 4,-0, 0, -0,1,0,0,0,1.49609, 0, 0, 0, 0, 0,1.49609, 0, 0,-0.000426827, 0, 0, 0, 0, 0
1790,1.38332, 1, 4,-0, 0, -0,1,0,0,0,1.49609, 0, 0, 0, 0, 0,1.49609, 0, 0,-0.000426838, 0, 0, 0, 0, 0
1795,1.3908, 1, 4,-0, 0, -0,1,0,0,0,1.49609, 0, 0, 0, 0, 0,1.49609, 0, 0,-0.000426848, 0, 0, 0, 0, 0
1800,1.39828, 1, 4,-0, 0, -0,1,0,0,0,1.49609, 0, 0, 0, 0, 0,1.49609, 0, 0,-0.000426856, 0, 0, 0, 0, 0
1805,1.40576, 1, 4,-0, 0, -0,1,0,0,0,1.49608, 0, 0, 0, 0, 0,1.49608, 0, 0,-0.000426864, 0, 0, 0, 0, 0
1810,1.41324, 1, 4,-0, 0, -0,1,0,0,0,1.49608, 0, 0, 0, 0, 0,1.49608, 0, 0,-0.00042687, 0, 0, 0, 0, 0
1815,1.42072, 1, 4,-0, 0, -0,1,0,0,0,1.49608, 0, 0, 0, 0, 0,1.49608, 0, 0,-0.000426875, 0, 0, 0, 0, 0
1820,1.4282, 1, 4,-0, 0, -0,1,0,0,0,1.49608, 0, 0, 0, 0, 0,1.49608, 0, 0,-0.000426879, 0, 0, 0, 0, 0
1825,1.43568, 1, 4,-0, 0, -0,1,0,0,0,1.49607, 0, 0, 0, 0, 0,1.49607, 0, 0,-0.000426883, 0, 0, 0, 0, 0
1830,1.44316, 1, 4,-0, 0, -0,1,0,0,0,1.49607, 0, 0, 0, 0, 0,1.49607, 0, 0,-0.000426885, 0, 0, 0, 0, 0
1835,1.45064, 1, 4,-0, 0, -0,1,0,0,0,1.49607, 0, 0, 0, 0, 0,1.49607, 0, 0,-0.000426886, 0, 0, 0, 0, 0
1840,1.45812, 1, 4,-0, 0, -0,1,0,0,0,1.49607, 0, 0, 0, 0, 0,1.49607, 0, 0,-0.000426887, 0, 0, 0, 0, 0
1845,1.4656, 1, 4,-0, 0, -0,1,0,0,0,1.49607, 0, 0, 0, 0, 0,1.49607, 0, 0,-0.000426887, 0, 0, 0, 0, 0
1850,1.47308, 1, 4,-0, 0, -0,1,0,0,0,1.49606, 0, 0, 0, 0, 0,1.49606, 0, 0,-0.000426886, 0, 0, 0, 0, 0
1855,1.48056, 1, 4,-0, 0, -0,1,0,0,0,1.49606, 0, 0, 0, 0, 0,1.49606, 0, 0,-0.000426884, 0, 0, 0, 0, 0
1860,1.48804, 1, 4,-0, 0, -0,1,0,0,0,1.49606, 0, 0, 0, 0, 0,1.49606, 0, 0,-0.000426881, 0, 0, 0, 0, 0
1865,1.49552, 1, 4,-0, 0, -0,1,0,0,0,1.49606, 0, 0, 0, 0, 0,1.49606, 0, 0,-0.000426878, 0, 0, 0, 0, 0
1870,1.503, 1, 4,-0, 0, -0,1,0,0,0,1.49606, 0, 0, 0, 0, 0,1.49606, 0, 0,-0.000426875, 0, 0, 0, 0, 0
1875,1.51048, 1, 4,-0, 0, -0,1,0,0,0,1.49605, 0, 0, 0, 0, 0,1.49605, 0, 0,-0.00042687, 0, 0, 0, 0, 0
1880,1.51796, 1, 4,-0, 0, -0,1,0,0,0,1.49605, 0, 0, 0, 0, 0,1.49605, 0, 0,-0.000426866, 0, 0, 0, 0, 0
1885,1.52544, 1, 4,-0, 0, -0,1,0,0,0,1.49605, 0, 0, 0, 0, 0,1.49605, 0, 0,-0.00042686, 0, 0, 0, 0, 0
1890,1.53292, 1, 4,-0, 0, -0,1,0,0,0,1.49605, 0, 0, 0, 0, 0,1.49605, 0, 0,-0.000426854, 0, 0, 0, 0, 0
1895,1.5404, 1, 4,-0, 0, -0,1,0,0,0,1.49604, 0, 0, 0, 0, 0,1.49604, 0, 0,-0.000426848, 0, 0, 0, 0, 0
1900,1.54788, 1, 4,-0, 0, -0,1,0,0,0,1.49604, 0, 0, 0, 0, 0,1.49604, 0, 0,-0.000426841, 0, 0, 0, 0, 0
1905,1.55536, 1, 4,-0, 0, -0,1,0,0,0,1.49604, 0, 0, 0, 0, 0,1.49604, 0, 0,-0.000426834, 0, 0, 0, 0, 0
1910,1.56284, 1, 4,-0, 0, -0,1,0,0,0,1.49604, 0, 0, 0, 0, 0,1.49604, 0, 0,-0.000426826, 0, 0, 0, 0, 0
1915,1.57032, 1, 4,-0, 0, -0,1,0,0,0,1.49604, 0, 0, 0, 0, 0,1.49604, 0, 0,-0.000426818, 0, 0, 0, 0, 0
1920,1.5778, 1, 4,-0, 0, -0,1,0,0,0,1.49603, 0, 0, 0, 0, 0,1.49603, 0, 0,-0.00042681, 0, 0, 0, 0, 0
1925,1.58528, 1, 4,-0, 0, -0,1,0,0,0,1.49603, 0, 0, 0, 0, 0,1.49603, 0, 0,-0.000426801, 0, 0, 0, 0, 0
1930,1.59276, 1, 4,-0, 0, -0,1,0,0,0,1.49603, 0, 0, 0, 0, 0,1.49603, 0, 0,-0.000426792, 0, 0, 0, 0, 0
1935,1.60024, 1, 4,-0, 0, -0,1,0,0,0,1.49603, 0, 0, 0, 0, 0,1.49603, 0, 0,-0.000426783, 0, 0, 0, 0, 0
1940,1.60772, 1, 4,-0, 0, -0,1,0,0,0,1.49603, 0, 0, 0, 0, 0,1.49603, 0, 0,-0.000426773, 0, 0, 0, 0, 0
1945,1.6152, 1, 4,-0, 0, -0,1,0,0,0,1.49602, 0, 0, 0, 0, 0,1.49602, 0, 0,-0.000426763, 0, 0, 0, 0, 0
1950,1.62268, 1, 4,-0, 0, -0,1,0,0,0,1.49602, 0, 0, 0, 0, 0,1.49602, 0, 0,-0.000426752, 0, 0, 0, 0, 0
1955,1.63016, 1, 4,-0, 0, -0,1,0,0,0,1.49602, 0, 0, 0, 0, 0,1.49602, 0, 0,-0.000426742, 0, 0, 0, 0, 0
1960,1.63764, 1, 4,-0, 0, -0,1,0,0,0,1.49602, 0, 0, 0, 0, 0,1.49602, 0, 0,-0.000426731, 0, 0, 0, 0, 0
1965,1.64512, 1, 4,-0, 0, -0,1,0,0,0,1.49602, 0, 0, 0, 0, 0,1.49602, 0, 0,-0.00042672, 0, 0, 0, 0, 0
1970,1.6526, 1, 4,-0, 0, -0,1,0,0,0,1.49601, 0, 0, 0, 0, 0,1.49601, 0, 0,-0.000426709, 0, 0, 0, 0, 0
1975,1.66008, 1, 4,-0, 0, -0,1,0,0,0,1.49601, 0, 0, 0, 0, 0,1.49601, 0, 0,-0.000426697, 0, 0, 0, 0, 0
1980,1.66756, 1, 4,-0, 0, -0,1,0,0,0,1.49601, 0, 0, 0, 0, 0,1.49601, 0, 0,-0.000426685, 0, 0, 0, 0, 0
1985,1.67504, 1, 4,-0, 0, -0,1,0,0,0,1.49601, 0, 0, 0, 0, 0,1.49601, 0, 0,-0.000426673, 0, 0, 0, 0, 0
1990,1.68252, 1, 4,-0, 0, -0,1,0,0,0,1.496, 0, 0, 0, 0, 0,1.496, 0, 0,-0.000426661, 0, 0, 0, 0, 0
1995,1.69, 1, 4,-0, 0, -0,1,0,0,0,1.496, 0, 0, 0, 0, 0,1.496, 0, 0,-0.000426649, 0, 0, 0, 0, 0
2000,1.69748, 1, 4,-0, 0, -0,1,0,0,0,1.496, 0, 0, 0, 0, 0,1.496, 0, 0,-0.000426637, 0, 0, 0, 0, 0
2005,1.70496, 1, 4,-0, 0, -0,1,0,0,0,1.496, 0, 0, 0, 0, 0,1.496, 0, 0,-0.000426624, 0, 0, 0, 0, 0
2010,1.71244, 1, 4,-0, 0, -0,1,0,0,0,1.496, 0, 0, 0, 0, 0,1.496, 0, 0,-0.000426611, 0, 0, 0, 0, 0
2015,1.71992, 1, 4,-0, 0, -0,1,0,0,0,1.49599, 0, 0, 0, 0, 0,1.49599, 0, 0,-0.000426598, 0, 0, 0, 0, 0
2020,1.7274, 1, 4,-0, 0, -0,1,0,0,0,1.49599, 0, 0, 0, 0, 0,1.49599, 0, 0,-0.000426585, 0, 0, 0, 0, 0
2025,1.73488, 1, 4,-0, 0, -0,1,0,0,0,1.49599, 0, 0, 0, 0, 0,1.49599, 0, 0,-0.000426572, 0, 0, 0, 0, 0
2030,1.74236, 1, 4,-0, 0, -0,1,0,0,0,1.49599, 0, 0, 0, 0, 0,1.49599, 0, 0,-0.000426559, 0, 0, 0, 0, 0
2035,1.74984, 1, 4,-0, 0, -0,1,0,0,0,1.49599, 0, 0, 0, 0, 0,1.49599, 0, 0,-0.000426545, 0, 0, 0, 0, 0
2040,1.75732, 1, 4,-0, 0, -0,1,0,0,0,1.49598, 0, 0, 0, 0, 0,1.49598, 0, 0,-0.000426532, 0, 0, 0, 0, 0
2045,1.7648, 1, 4,-0, 0, -0,1,0,0,0,1.49598, 0, 0, 0, 0, 0,1.49598, 0, 0,-0.000426518, 0, 0, 0, 0, 0
2050,1.77228, 1, 4,-0, 0, -0,1,0,0,0,1.49598, 0, 0, 0, 0, 0,1.49598, 0, 0,-0.000426504, 0, 0, 0, 0, 0
2055,1.77976, 1, 4,-0, 0, -0,1,0,0,0,1.49598, 0, 0, 0, 0, 0,1.49598, 0, 0,-0.00042649, 0, 0, 0, 0, 0
2060,1.78724, 1, 4,-0, 0, -0,1,0,0,0,1.49597, 0, 0, 0, 0, 0,1.49597, 0, 0,-0.000426476, 0, 0, 0, 0, 0
2065,1.79472, 1, 4,-0, 0, -0,1,0,0,0,1.49597, 0, 0, 0, 0, 0,1.49597, 0, 0,-0.000426462, 0, 0, 0, 0, 0
2070,1.8022, 1, 4,-0, 0, -0,1,0,0,0,1.49597, 0, 0, 0, 0, 0,1.49597, 0, 0,-0.000426448, 0, 0, 0, 0, 0
2075,1.80968, 1, 4,-0, 0, -0,1,0,0,0,1.49597, 0, 0, 0, 0, 0,1.49597, 0, 0,-0.000426434, 0, 0, 0, 0, 0
2080,1.81716, 1, 4,-0, 0, -0,1,0,0,0,1.49597, 0, 0, 0, 0, 0,1.49597, 0, 0,-0.00042642, 0, 0, 0, 0, 0
2085,1.82464, 1, 4,-0, 0, -0,1,0,0,0,1.49596, 0, 0, 0, 0, 0,1.49596, 0, 0,-0.000426405, 0, 0, 0, 0, 0
2090,1.83212, 1, 4,-0, 0, -0,1,0,0,0,1.49596, 0, 0, 0, 0, 0,1.49596, 0, 0,-0.000426391, 0, 0, 0, 0, 0
2095,1.8396, 1, 4,-0, 0, -0,1,0,0,0,1.49596, 0, 0, 0, 0, 0,1.49596, 0, 0,-0.000426376, 0, 0, 0, 0, 0
2100,1.84708, 1, 4,-0, 0, -0,1,0,0,0,1.49596, 0, 0, 0, 0, 0,1.49596, 0, 0,-0.000426362, 0, 0, 0, 0, 0
2105,1.85456, 1, 4,-0, 0, -0,1,0,0,0,1.49596, 0, 0, 0, 0, 0,1.49596, 0, 0,-0.000426347, 0, 0, 0, 0, 0
2110,1.86204, 1, 4,-0, 0, -0,1,0,0,0,1.49595, 0, 0, 0, 0, 0,1.49595, 0, 0,-0.000426332, 0, 0, 0, 0, 0
2115,1.86952, 1, 4,-0, 0, -0,1,0,0,0,1.49595, 0, 0, 0, 0, 0,1.49595, 0, 0,-0.000426318, 0, 0, 0, 0, 0
2120,1.877, 1, 4,-0, 0, -0,1,0,0,0,1.49595, 0, 0, 0, 0, 0,1.49595, 0, 0,-0.000426303, 0, 0, 0, 0, 0
2125,1.88448, 1, 4,-0, 0, -0,1,0,0,0,1.49595, 0, 0, 0, 0, 0,1.49595, 0, 0,-0.000426288, 0, 0, 0, 0, 0
2130,1.89196, 1, 4,-0, 0, -0,1,0,0,0,1.49594, 0, 0, 0, 0, 0,1.49594, 0, 0,-0.000426273, 0, 0, 0, 0, 0
2135,1.89944, 1, 4,-0, 0, -0,1,0,0,0,1.49594, 0, 0, 0, 0, 0,1.49594, 0, 0,-0.000426258, 0, 0, 0, 0, 0
2140,1.90692, 1, 4,-0, 0, -0,1,0,0,0,1.49594, 0, 0, 0, 0, 0,1.49594, 0, 0,-0.000426243, 0, 0, 0, 0, 0
2145,1.9144, 1, 4,-0, 0, -0,1,0,0,0,1.49594, 0, 0, 0, 0, 0,1.49594, 0, 0,-0.000426228, 0, 0, 0, 0, 0
2150,1.92188, 1, 4,-0, 0, -0,1,0,0,0,1.49594, 0, 0, 0, 0, 0,1.49594, 0, 0,-0.000426213, 0, 0, 0, 0, 0
2155,1.92936, 1, 4,-0, 0, -0,1,0,0,0,1.49593, 0, 0, 0, 0, 0,1.49593, 0, 0,-0.000426198, 0, 0, 0, 0, 0
2160,1.93684, 1, 4,-0, 0, -0,1,0,0,0,1.49593, 0, 0, 0, 0, 0,1.49593, 0, 0,-0.000426183, 0, 0, 0, 0, 0
2165,1.94432, 1, 4,-0, 0, -0,1,0,0,0,1.49593, 0, 0, 0, 0, 0,1.49593, 0, 0,-0.000426168, 0, 0, 0, 0, 0
2170,1.9518, 1, 4,-0, 0, -0,1,0,0,0,1.49593, 0, 0, 0, 0, 0,1.49593, 0, 0,-0.000426153, 0, 0, 0, 0, 0
2175,1.95928, 1, 4,-0, 0, -0,1,0,0,0,1.49593, 0, 0, 0, 0, 0,1.49593, 0, 0,-0.000426138, 0, 0, 0, 0, 0
2180,1.96676, 1, 4,-0, 0, -0,1,0,0,0,1.49592, 0, 0, 0, 0, 0,1.49592, 0, 0,-0.000426123, 0, 0, 0, 0, 0
2185,1.97424, 1, 4,-0, 0, -0,1,0,0,0,1.49592, 0, 0, 0, 0, 0,1.49592, 0, 0,-0.000426107, 0, 0, 0, 0, 0
2190,1.98172, 1, 4,-0, 0, -0,1,0,0,0,1.49592, 0, 0, 0, 0, 0,1.49592, 0, 0,-0.000426092, 0, 0, 0, 0, 0
2195,1.9892, 1, 4,-0, 0, -0,1,0,0,0,1.49592, 0, 0, 0, 0, 0,1.49592, 0, 0,-0.000426077, 0, 0, 0, 0, 0
2200,1.99668, 1, 4,-0, 0, -0,1,0,0,0,1.49591, 0, 0, 0, 0, 0,1.49591, 0, 0,-0.000426061, 0, 0, 0, 0, 0
2205,2.00416, 1, 4,-0, 0, -0,1,0,0,0,1.49591, 0, 0, 0, 0, 0,1.49591, 0, 0,-0.000426046, 0, 0, 0, 0, 0
2210,2.01163, 1, 4,-0, 0, -0,1,0,0,0,1.49591, 0, 0, 0, 0, 0,1.49591, 0, 0,-0.000426031, 0, 0, 0, 0, 0
2215,2.01911, 1, 4,-0, 0, -0,1,0,0,0,1.49591, 0, 0, 0, 0, 0,1.49591, 0, 0,-0.000426015, 0, 0, 0, 0, 0
2220,2.02659, 1, 4,-0, 0, -0,1,0,0,0,1.49591, 0, 0, 0, 0, 0,1.49591, 0, 0,-0.000426, 0, 0, 0, 0, 0
2225,2.03407, 1, 4,-0, 0, -0,1,0,0,0,1.4959, 0, 0, 0, 0, 0,1.4959, 0, 0,-0.000425985, 0, 0, 0, 0, 0
2230,2.04155, 1, 4,-0, 0, -0,1,0,0,0,1.4959, 0, 0, 0, 0, 0,1.4959, 0, 0,-0.000425969, 0, 0, 0, 0, 0
2235,2.04903, 1, 4,-0, 0, -0,1,0,0,0,1.4959, 0, 0, 0, 0, 0,1.4959, 0, 0,-0.000425954, 0, 0, 0, 0, 0
2240,2.05651, 1, 4,-0, 0, -0,1,0,0,0,1.4959, 0, 0, 0, 0, 0,1.4959, 0, 0,-0.000425938, 0, 0, 0, 0, 0
2245,2.06399, 1, 4,-0, 0, -0,1,0,0,0,1.4959, 0, 0, 0, 0, 0,1.4959, 0, 0,-0.000425923, 0, 0, 0, 0, 0
2250,2.07147, 1, 4,-0, 0, -0,1,0,0,0,1.49589, 0, 0, 0, 0, 0,1.49589, 0, 0,-0.000425907, 0, 0, 0, 0, 0
2255,2.07895, 1, 4,-0, 0, -0,1,0,0,0,1.49589, 0, 0, 0, 0, 0,1.49589, 0, 0,-0.000425892, 0, 0, 0, 0, 0
2260,2.08643, 1, 4,-0, 0, -0,1,0,0,0,1.49589, 0, 0, 0, 0, 0,1.49589, 0, 0,-0.000425876, 0, 0, 0, 0, 0
2265,2.09391, 1, 4,-0, 0, -0,1,0,0,0,1.49589, 0, 0, 0, 0, 0,1.49589, 0, 0,-0.000425861, 0, 0, 0, 0, 0
2270,2.10139, 1, 4,-0, 0, -0,1,0,0,0,1.49589, 0, 0, 0, 0, 0,1.49589, 0, 0,-0.000425845, 0, 0, 0, 0, 0
2275,2.10887, 1, 4,-0, 0, -0,1,0,0,0,1.49588, 0, 0, 0, 0, 0,1.49588, 0, 0,-0.00042583, 0, 0, 0, 0, 0
2280,2.11635, 1, 4,-0, 0, -0,1,0,0,0,1.49588, 0, 0, 0, 0, 0,1.49588, 0, 0,-0.000425814, 0, 0, 0, 0, 0
2285,2.12383, 1, 4,-0, 0, -0,1,0,0,0,1.49588, 0, 0, 0, 0, 0,1.49588, 0, 0,-0.000425799, 0, 0, 0, 0, 0
2290,2.13131, 1, 4,-0, 0, -0,1,0,0,0,1.49588, 0, 0, 0, 0, 0,1.49588, 0, 0,-0.000425783, 0, 0, 0, 0, 0
2295,2.13879, 1, 4,-0, 0, -0,1,0,0,0,1.49587, 0, 0, 0, 0, 0,1.49587, 0, 0,-0.000425767, 0, 0, 0, 0, 0
2300,2.14627, 1, 4,-0, 0, -0,1,0,0,0,1.49587, 0, 0, 0, 0, 0,1.49587, 0, 0,-0.000425752, 0, 0, 0, 0, 0
2305,2.15374, 1, 4,-0, 0, -0,1,0,0,0,1.49587, 0, 0, 0, 0, 0,1.49587, 0, 0,-0.000425736, 0, 0, 0, 0, 0
2310,2.16122, 1, 4,-0, 0, -0,1,0,0,0,1.49587, 0, 0, 0, 0, 0,1.49587, 0, 0,-0.000425721, 0, 0, 0, 0, 0
2315,2.1687, 1, 4,-0, 0, -0,1,0,0,0,1.49587, 0, 0, 0, 0, 0,1.49587, 0, 0,-0.000425705, 0, 0, 0, 0, 0
2320,2.17618, 1, 4,-0, 0, -0,1,0,0,0,1.49586, 0, 0, 0, 0, 0,1.49586, 0, 0,-0.000425689, 0, 0, 0, 0, 0
2325,2.18366, 1, 4,-0, 0, -0,1,0,0,0,1.49586, 0, 0, 0, 0, 0,1.49586, 0, 0,-0.000425674, 0, 0, 0, 0, 0
2330,2.19114, 1, 4,-0, 0, -0,1,0,0,0,1.49586, 0, 0, 0, 0, 0,1.49586, 0, 0,-0.000425658, 0, 0, 0, 0, 0
2335,2.19862, 1, 4,-0, 0, -0,1,0,0,0,1.49586, 0, 0, 0, 0, 0,1.49586, 0, 0,-0.000425643, 0, 0, 0, 0, 0
2340,2.2061, 1, 4,-0, 0, -0,1,0,0,0,1.49586, 0, 0, 0, 0, 0,1.49586, 0, 0,-0.000425627, 0, 0, 0, 0, 0
2345,2.21358, 1, 4,-0, 0, -0,1,0,0,0,1.49585, 0, 0, 0, 0, 0,1.49585, 0, 0,-0.000425611, 0, 0, 0, 0, 0
2350,2.22106, 1, 4,-0, 0, -0,1,0,0,0,1.49585, 0, 0, 0, 0, 0,1.49585, 0, 0,-0.000425596, 0, 0, 0, 0, 0
2355,2.22854, 1, 4,-0, 0, -0,1,0,0,0,1.49585, 0, 0, 0, 0, 0,1.49585, 0, 0,-0.00042558, 0, 0, 0, 0, 0
2360,2.23602, 1, 4,-0, 0, -0,1,0,0,0,1.49585, 0, 0, 0, 0, 0,1.49585, 0, 0,-0.000425564, 0, 0, 0, 0, 0
2365,2.2435, 1, 4,-0, 0, -0,1,0,0,0,1.49584, 0, 0, 0, 0, 0,1.49584, 0, 0,-0.000425549, 0, 0, 0, 0, 0
2370,2.25098, 1, 4,-0, 0, -0,1,0,0,0,1.49584, 0, 0, 0, 0, 0,1.49584, 0, 0,-0.000425533, 0, 0, 0, 0, 0
2375,2.25845, 1, 4,-0, 0, -0,1,0,0,0,1.49584, 0, 0, 0, 0, 0,1.49584, 0, 0,-0.000425517, 0, 0, 0, 0, 0
2380,2.26593, 1, 4,-0, 0, -0,1,0,0,0,1.49584, 0, 0, 0, 0, 0,1.49584, 0, 0,-0.000425502, 0, 0, 0, 0, 0
2385,2.27341, 1, 4,-0, 0, -0,1,0,0,0,1.49584, 0, 0, 0, 0, 0,1.49584, 0, 0,-0.000425486, 0, 0, 0, 0, 0
2390,2.28089, 1, 4,-0, 0, -0,1,0,0,0,1.49583, 0, 0, 0, 0, 0,1.49583, 0, 0,-0.00042547, 0, 0, 0, 0, 0
2395,2.28837, 1, 4,-0, 0, -0,1,0,0,0,1.49583, 0, 0, 0, 0, 0,1.49583, 0, 0,-0.000425455, 0, 0, 0, 0, 0
2400,2.29585, 1, 4,-0, 0, -0,1,0,0,0,1.49583, 0, 0, 0, 0, 0,1.49583, 0, 0,-0.000425439, 0, 0, 0, 0, 0
2405,2.30333, 1, 4,-0, 0, -0,1,0,0,0,1.49583, 0, 0, 0, 0, 0,1.49583, 0, 0,-0.000425423, 0, 0, 0, 0, 0
2410,2.31081, 1, 4,-0, 0, -0,1,0,0,0,1.49583, 0, 0, 0, 0, 0,1.49583, 0, 0,-0.000425408, 0, 0, 0, 0, 0
2415,2.31829, 1, 4,-0, 0, -0,1,0,0,0,1.49582, 0, 0, 0, 0, 0,1.49582, 0, 0,-0.000425392, 0, 0, 0, 0, 0
2420,2.32577, 1, 4,-0, 0, -0,1,0,0,0,1.49582, 0, 0, 0, 0, 0,1.49582, 0, 0,-0.000425376, 0, 0, 0, 0, 0
2425,2.33325, 1, 4,-0, 0, -0,1,0,0,0,1.49582, 0, 0, 0, 0, 0,1.49582, 0, 0,-0.000425361, 0, 0, 0, 0, 0
2430,2.34072, 1, 4,-0, 0, -0,1,0,0,0,1.49582, 0, 0, 0, 0, 0,1.49582, 0, 0,-0.000425345, 0, 0, 0, 0, 0
2435,2.3482, 1, 4,-0, 0, -0,1,0,0,0,1.49581, 0, 0, 0, 0, 0,1.49581, 0, 0,-0.000425329, 0, 0, 0, 0, 0
2440,2.35568, 1, 4,-0, 0, -0,1,0,0,0,1.49581, 0, 0, 0, 0, 0,1.49581, 0, 0,-0.000425314, 0, 0, 0, 0, 0
2445,2.36316, 1, 4,-0, 0, -0,1,0,0,0,1.49581, 0, 0, 0, 0, 0,1.49581, 0, 0,-0.000425298, 0, 0, 0, 0, 0
2450,2.37064, 1, 4,-0, 0, -0,1,0,0,0,1.49581, 0, 0, 0, 0, 0,1.49581, 0, 0,-0.000425282, 0, 0, 0, 0, 0
2455,2.37812, 1, 4,-0, 0, -0,1,0,0,0,1.49581, 0, 0, 0, 0, 0,1.49581, 0, 0,-0.000425267, 0, 0, 0, 0, 0
2460,2.3856, 1, 4,-0, 0, -0,1,0,0,0,1.4958, 0, 0, 0, 0, 0,1.4958, 0, 0,-0.000425251, 0, 0, 0, 0, 0
2465,2.39308, 1, 4,-0, 0, -0,1,0,0,0,1.4958, 0, 0, 0, 0, 0,1.4958, 0, 0,-0.000425235, 0, 0, 0, 0, 0
2470,2.40056, 1, 4,-0, 0, -0,1,0,0,0,1.4958, 0, 0, 0, 0, 0,1.4958, 0, 0,-0.00042522, 0, 0, 0, 0, 0
2475,2.40804, 1, 4,-0, 0, -0,1,0,0,0,1.4958, 0, 0, 0, 0, 0,1.4958, 0, 0,-0.000425204, 0, 0, 0, 0, 0
2480,2.41552, 1, 4,-0, 0, -0,1,0,0,0,1.4958, 0, 0, 0, 0, 0,1.4958, 0, 0,-0.000425188, 0, 0, 0, 0, 0
2485,2.42299, 1, 4,-0, 0, -0,1,0,0,0,1.49579, 0, 0, 0, 0, 0,1.49579, 0, 0,-0.000425172, 0, 0, 0, 0, 0
2490,2.43047, 1, 4,-0, 0, -0,1,0,0,0,1.49579, 0, 0, 0, 0, 0,1.49579, 0, 0,-0.000425157, 0, 0, 0, 0, 0
2495,2.43795, 1, 4,-0, 0, -0,1,0,0,0,1.49579, 0, 0, 0, 0, 0,1.49579, 0, 0,-0.000425141, 0, 0, 0, 0, 0
2500,2.44543, 1, 4,-0, 0, -0,1,0,0,0,1.49579, 0, 0, 0, 0, 0,1.49579, 0, 0,-0.000425125, 0, 0, 0, 0, 0
2505,2.45291, 1, 4,-0, 0, -0,1,0,0,0,1.49578, 0, 0, 0, 0, 0,1.49578, 0, 0,-0.00042511, 0, 0, 0, 0, 0
2510,2.46039, 1, 4,-0, 0, -0,1,0,0,0,1.49578, 0, 0, 0, 0, 0,1.49578, 0, 0,-0.000425094, 0, 0, 0, 0, 0
2515,2.46787, 1, 4,-0, 0, -0,1,0,0,0,1.49578, 0, 0, 0, 0, 0,1.49578, 0, 0,-0.000425078, 0, 0, 0, 0, 0
2520,2.47535, 1, 4,-0, 0, -0,1,0,0,0,1.49578, 0, 0, 0, 0, 0,1.49578, 0, 0,-0.000425063, 0, 0, 0, 0, 0
2525,2.48283, 1, 4,-0, 0, -0,1,0,0,0,1.49578, 0, 0, 0, 0, 0,1.49578, 0, 0,-0.000425047, 0, 0, 0, 0, 0
2530,2.4903, 1, 4,-0, 0, -0,1,0,0,0,1.49577, 0, 0, 0, 0, 0,1.49577, 0, 0,-0.000425031, 0, 0, 0, 0, 0
2535,2.49778, 1, 4,-0, 0, -0,1,0,0,0,1.49577, 0, 0, 0, 0, 0,1.49577, 0, 0,-0.000425016, 0, 0, 0, 0, 0
2540,2.50526, 1, 4,-0, 0, -0,1,0,0,0,1.49577, 0, 0, 0, 0, 0,1.49577, 0, 0,-0.000425, 0, 0, 0, 0, 0
2545,2.51274, 1, 4,-0, 0, -0,1,0,0,0,1.49577, 0, 0, 0, 0, 0,1.49577, 0, 0,-0.000424984, 0, 0, 0, 0, 0
2550,2.52022, 1, 4,-0, 0, -0,1,0,0,0,1.49577, 0, 0, 0, 0, 0,1.49577, 0, 0,-0.000424969, 0, 0, 0, 0, 0
2555,2.5277, 1, 4,-0, 0, -0,1,0,0,0,1.49576, 0, 0, 0, 0, 0,1.49576, 0, 0,-0.000424953, 0, 0, 0, 0, 0
2560,2.53518, 1, 4,-0, 0, -0,1,0,0,0,1.49576, 0, 0, 0, 0, 0,1.49576, 0, 0,-0.000424937, 0, 0, 0, 0, 0
2565,2.54266, 1, 4,-0, 0, -0,1,0,0,0,1.49576, 0, 0, 0, 0, 0,1.49576, 0, 0,-0.000424921, 0, 0, 0, 0, 0
2570,2.55014, 1, 4,-0, 0, -0,1,0,0,0,1.49576, 0, 0, 0, 0, 0,1.49576, 0, 0,-0.000424906, 0, 0, 0, 0, 0
2575,2.55761, 1, 4,-0, 0, -0,1,0,0,0,1.49576, 0, 0, 0, 0, 0,1.49576, 0, 0,-0.00042489, 0, 0, 0, 0, 0
2580,2.56509, 1, 4,-0, 0, -0,1,0,0,0,1.49575, 0, 0, 0, 0, 0,1.49575, 0, 0,-0.000424874, 0, 0, 0, 0, 0
2585,2.57257, 1, 4,-0, 0, -0,1,0,0,0,1.49575, 0, 0, 0, 0, 0,1.49575, 0, 0,-0.000424859, 0, 0, 0, 0, 0
2590,2.58005, 1, 4,-0, 0, -0,1,0,0,0,1.49575, 0, 0, 0, 0, 0,1.49575, 0, 0,-0.000424843, 0, 0, 0, 0, 0
2595,2.58753, 1, 4,-0, 0, -0,1,0,0,0,1.49575, 0, 0, 0, 0, 0,1.49575, 0, 0,-0.000424827, 0, 0, 0, 0, 0
2600,2.59501, 1, 4,-0, 0, -0,1,0,0,0,1.49574, 0, 0, 0, 0, 0,1.49574, 0, 0,-0.000424812, 0, 0, 0, 0, 0
2605,2.60249, 1, 4,-0, 0, -0,1,0,0,0,1.49574, 0, 0, 0, 0, 0,1.49574, 0, 0,-0.000424796, 0, 0, 0, 0, 0
2610,2.60997, 1, 4,-0, 0, -0,1,0,0,0,1.49574, 0, 0, 0, 0, 0,1.49574, 0, 0,-0.00042478, 0, 0, 0, 0, 0
2615,2.61744, 1, 4,-0, 0, -0,1,0,0,0,1.49574, 0, 0, 0, 0, 0,1.49574, 0, 0,-0.000424765, 0, 0, 0, 0, 0
2620,2.62492, 1, 4,-0, 0, -0,1,0,0,0,1.49574, 0, 0, 0, 0, 0,1.49574, 0, 0,-0.000424749, 0, 0, 0, 0, 0
2625,2.6324, 1, 4,-0, 0, -0,1,0,0,0,1.49573, 0, 0, 0, 0, 0,1.49573, 0, 0,-0.000424733, 0, 0, 0, 0, 0
2630,2.63988, 1, 4,-0, 0, -0,1,0,0,0,1.49573, 0, 0, 0, 0, 0,1.49573, 0, 0,-0.000424718, 0, 0, 0, 0, 0
2635,2.64736, 1, 4,-0, 0, -0,1,0,0,0,1.49573, 0, 0, 0, 0, 0,1.49573, 0, 0,-0.000424702, 0, 0, 0, 0, 0
2640,2.65484, 1, 4,-0, 0, -0,1,0,0,0,1.49573, 0, 0, 0, 0, 0,1.49573, 0, 0,-0.000424686, 0, 0, 0, 0, 0
2645,2.66232, 1, 4,-0, 0, -0,1,0,0,0,1.49573, 0, 0, 0, 0, 0,1.49573, 0, 0,-0.000424671, 0, 0, 0, 0, 0
2650,2.66979, 1, 4,-0, 0, -0,1,0,0,0,1.49572, 0, 0, 0, 0, 0,1.49572, 0, 0,-0.000424655, 0, 0, 0, 0, 0
2655,2.67727, 1, 4,-0, 0, -0,1,0,0,0,1.49572, 0, 0, 0, 0, 0,1.49572, 0, 0,-0.000424639, 0, 0, 0, 0, 0
2660,2.68475, 1, 4,-0, 0, -0,1,0,0,0,1.49572, 0, 0, 0, 0, 0,1.49572, 0, 0,-0.000424624, 0, 0, 0, 0, 0
2665,2.69223, 1, 4,-0, 0, -0,1,0,0,0,1.49572, 0, 0, 0, 0, 0,1.49572, 0, 0,-0.000424608, 0, 0, 0, 0, 0
2670,2.69971, 1, 4,-0, 0, -0,1,0,0,0,1.49571, 0, 0, 0, 0, 0,1.49571, 0, 0,-0.000424592, 0, 0, 0, 0, 0
2675,2.70719, 1, 4,-0, 0, -0,1,0,0,0,1.49571, 0, 0, 0, 0, 0,1.49571, 0, 0,-0.000424576, 0, 0, 0, 0, 0
2680,2.71467, 1, 4,-0, 0, -0,1,0,0,0,1.49571, 0, 0, 0, 0, 0,1.49571, 0, 0,-0.000424561, 0, 0, 0, 0, 0
2685,2.72214, 1, 4,-0, 0, -0,1,0,0,0,1.49571, 0, 0, 0, 0, 0,1.49571, 0, 0,-0.000424545, 0, 0, 0, 0, 0
2690,2.72962, 1, 4,-0, 0, -0,1,0,0,0,1.49571, 0, 0, 0, 0, 0,1.49571, 0, 0,-0.000424529, 0, 0, 0, 0, 0
2695,2.7371, 1, 4,-0, 0, -0,1,0,0,0,1.4957, 0, 0, 0, 0, 0,1.4957, 0, 0,-0.000424514, 0, 0, 0, 0, 0
2700,2.74458, 1, 4,-0, 0, -0,1,0,0,0,1.4957, 0, 0, 0, 0, 0,1.4957, 0, 0,-0.000424498, 0, 0, 0, 0, 0
2705,2.75206, 1, 4,-0, 0, -0,1,0,0,0,1.4957, 0, 0, 0, 0, 0,1.4957, 0, 0,-0.000424482, 0, 0, 0, 0, 0
2710,2.75954, 1, 4,-0, 0, -0,1,0,0,0,1.4957, 0, 0, 0, 0, 0,1.4957, 0, 0,-0.000424467, 0, 0, 0, 0, 0
2715,2.76702, 1, 4,-0, 0, -0,1,0,0,0,1.4957, 0, 0, 0, 0, 0,1.4957, 0, 0,-0.000424451, 0, 0, 0, 0, 0
2720,2.77449, 1, 4,-0, 0, -0,1,0,0,0,1.49569, 0, 0, 0, 0, 0,1.49569, 0, 0,-0.000424435, 0, 0, 0, 0, 0
2725,2.78197, 1, 4,-0, 0, -0,1,0,0,0,1.49569, 0, 0, 0, 0, 0,1.49569, 0, 0,-0.00042442, 0, 0, 0, 0, 0
2730,2.78945, 1, 4,-0, 0, -0,1,0,0,0,1.49569, 0, 0, 0, 0, 0,1.49569, 0, 0,-0.000424404, 0, 0, 0, 0, 0
2735,2.79693, 1, 4,-0, 0, -0,1,0,0,0,1.49569, 0, 0, 0, 0, 0,1.49569, 0, 0,-0.000424388, 0, 0, 0, 0, 0
2740,2.80441, 1, 4,-0, 0, -0,1,0,0,0,1.49569, 0, 0, 0, 0, 0,1.49569, 0, 0,-0.000424373, 0, 0, 0, 0, 0
2745,2.81189, 1, 4,-0, 0, -0,1,0,0,0,1.49568, 0, 0, 0, 0, 0,1.49568, 0, 0,-0.000424357, 0, 0, 0, 0, 0
2750,2.81936, 1, 4,-0, 0, -0,1,0,0,0,1.49568, 0, 0, 0, 0, 0,1.49568, 0, 0,-0.000424341, 0, 0, 0, 0, 0
2755,2.82684, 1, 4,-0, 0, -0,1,0,0,0,1.49568, 0, 0, 0, 0, 0,1.49568, 0, 0,-0.000424326, 0, 0, 0, 0, 0
2760,2.83432, 1, 4,-0, 0, -0,1,0,0,0,1.49568, 0, 0, 0, 0, 0,1.49568, 0, 0,-0.00042431, 0, 0, 0, 0, 0
2765,2.8418, 1, 4,-0, 0, -0,1,0,0,0,1.49567, 0, 0, 0, 0, 0,1.49567, 0, 0,-0.000424295, 0, 0, 0, 0, 0
2770,2.84928, 1, 4,-0, 0, -0,1,0,0,0,1.49567, 0, 0, 0, 0, 0,1.49567, 0, 0,-0.000424279, 0, 0, 0, 0, 0
2775,2.85676, 1, 4,-0, 0, -0,1,0,0,0,1.49567, 0, 0, 0, 0, 0,1.49567, 0, 0,-0.000424263, 0, 0, 0, 0, 0
2780,2.86423, 1, 4,-0, 0, -0,1,0,0,0,1.49567, 0, 0, 0, 0, 0,1.49567, 0, 0,-0.000424248, 0, 0, 0, 0, 0
2785,2.87171, 1, 4,-0, 0, -0,1,0,0,0,1.49567, 0, 0, 0, 0, 0,1.49567, 0, 0,-0.000424232, 0, 0, 0, 0, 0
2790,2.87919, 1, 4,-0, 0, -0,1,0,0,0,1.49566, 0, 0, 0, 0, 0,1.49566, 0, 0,-0.000424216, 0, 0, 0, 0, 0
2795,2.88667, 1, 4,-0, 0, -0,1,0,0,0,1.49566, 0, 0, 0, 0, 0,1.49566, 0, 0,-0.000424201, 0, 0, 0, 0, 0
2800,2.89415, 1, 4,-0, 0, -0,1,0,0,0,1.49566, 0, 0, 0, 0, 0,1.49566, 0, 0,-0.000424185, 0, 0, 0, 0, 0
2805,2.90163, 1, 4,-0, 0, -0,1,0,0,0,1.49566, 0, 0, 0, 0, 0,1.49566, 0, 0,-0.000424169, 0, 0, 0, 0, 0
2810,2.9091, 1, 4,-0, 0, -0,1,0,0,0,1.49566, 0, 0, 0, 0, 0,1.49566, 0, 0,-0.000424154, 0, 0, 0, 0, 0
2815,2.91658, 1, 4,-0, 0, -0,1,0,0,0,1.49565, 0, 0, 0, 0, 0,1.49565, 0, 0,-0.000424138, 0, 0, 0, 0, 0
2820,2.92406, 1, 4,-0, 0, -0,1,0,0,0,1.49565, 0, 0, 0, 0, 0,1.49565, 0, 0,-0.000424122, 0, 0, 0, 0, 0
2825,2.93154, 1, 4,-0, 0, -0,1,0,0,0,1.49565, 0, 0, 0, 0, 0,1.49565, 0, 0,-0.000424107, 0, 0, 0, 0, 0
2830,2.93902, 1, 4,-0, 0, -0,1,0,0,0,1.49565, 0, 0, 0, 0, 0,1.49565, 0, 0,-0.000424091, 0, 0, 0, 0, 0
2835,2.9465, 1, 4,-0, 0, -0,1,0,0,0,1.49564, 0, 0, 0, 0, 0,1.49564, 0, 0,-0.000424075, 0, 0, 0, 0, 0
2840,2.95397, 1, 4,-0, 0, -0,1,0,0,0,1.49564, 0, 0, 0, 0, 0,1.49564, 0, 0,-0.00042406, 0, 0, 0, 0, 0
2845,2.96145, 1, 4,-0, 0, -0,1,0,0,0,1.49564, 0, 0, 0, 0, 0,1.49564, 0, 0,-0.000424044, 0, 0, 0, 0, 0
2850,2.96893, 1, 4,-0, 0, -0,1,0,0,0,1.49564, 0, 0, 0, 0, 0,1.49564, 0, 0,-0.000424028, 0, 0, 0, 0, 0
2855,2.97641, 1, 4,-0, 0, -0,1,0,0,0,1.49564, 0, 0, 0, 0, 0,1.49564, 0, 0,-0.000424013, 0, 0, 0, 0, 0
2860,2.98389, 1, 4,-0, 0, -0,1,0,0,0,1.49563, 0, 0, 0, 0, 0,1.49563, 0, 0,-0.000423997, 0, 0, 0, 0, 0
2865,2.99136, 1, 4,-0, 0, -0,1,0,0,0,1.49563, 0, 0, 0, 0, 0,1.49563, 0, 0,-0.000423982, 0, 0, 0, 0, 0
2870,2.99884, 1, 4,-0, 0, -0,1,0,0,0,1.49563, 0, 0, 0, 0, 0,1.49563, 0, 0,-0.000423966, 0, 0, 0, 0, 0
2875,3.00632, 1, 4,-0, 0, -0,1,0,0,0,1.49563, 0, 0, 0, 0, 0,1.49563, 0, 0,-0.00042395, 0, 0, 0, 0, 0
2880,3.0138, 1, 4,-0, 0, -0,1,0,0,0,1.49563, 0, 0, 0, 0, 0,1.49563, 0, 0,-0.000423935, 0, 0, 0, 0, 0
2885,3.02128, 1, 4,-0, 0, -0,1,0,0,0,1.49562, 0, 0, 0, 0, 0,1.49562, 0, 0,-0.000423919, 0, 0, 0, 0, 0
2890,3.02876, 1, 4,-0, 0, -0,1,0,0,0,1.49562, 0, 0, 0, 0, 0,1.49562, 0, 0,-0.000423903, 0, 0, 0, 0, 0
2895,3.03623, 1, 4,-0, 0, -0,1,0,0,0,1.49562, 0, 0, 0, 0, 0,1.49562, 0, 0,-0.000423888, 0, 0, 0, 0, 0
2900,3.04371, 1, 4,-0, 0, -0,1,0,0,0,1.49562, 0, 0, 0, 0, 0,1.49562, 0, 0,-0.000423872, 0, 0, 0, 0, 0
2905,3.05119, 1, 4,-0, 0, -0,1,0,0,0,1.49562, 0, 0, 0, 0, 0,1.49562, 0, 0,-0.000423856, 0, 0, 0, 0, 0
2910,3.05867, 1, 4,-0, 0, -0,1,0,0,0,1.49561, 0, 0, 0, 0, 0,1.49561, 0, 0,-0.000423841, 0, 0, 0, 0, 0
2915,3.06615, 1, 4,-0, 0, -0,1,0,0,0,1.49561, 0, 0, 0, 0, 0,1.49561, 0, 0,-0.000423825, 0, 0, 0, 0, 0
2920,3.07362, 1, 4,-0, 0, -0,1,0,0,0,1.49561, 0, 0, 0, 0, 0,1.49561, 0, 0,-0.00042381, 0, 0, 0, 0, 0
2925,3.0811, 1, 4,-0, 0, -0,1,0,0,0,1.49561, 0, 0, 0, 0, 0,1.49561, 0, 0,-0.000423794, 0, 0, 0, 0, 0
2930,3.08858, 1, 4,-0, 0, -0,1,0,0,0,1.4956, 0, 0, 0, 0, 0,1.4956, 0, 0,-0.000423778, 0, 0, 0, 0, 0
2935,3.09606, 1, 4,-0, 0, -0,1,0,0,0,1.4956, 0, 0, 0, 0, 0,1.4956, 0, 0,-0.000423763, 0, 0, 0, 0, 0
2940,3.10354, 1, 4,-0, 0, -0,1,0,0,0,1.4956, 0, 0, 0, 0, 0,1.4956, 0, 0,-0.000423747, 0, 0, 0, 0, 0
2945,3.11101, 1, 4,-0, 0, -0,1,0,0,0,1.4956, 0, 0, 0, 0, 0,1.4956, 0, 0,-0.000423731, 0, 0, 0, 0, 0
2950,3.11849, 1, 4,-0, 0, -0,1,0,0,0,1.4956, 0, 0, 0, 0, 0,1.4956, 0, 0,-0.000423716, 0, 0, 0, 0, 0
2955,3.12597, 1, 4,-0, 0, -0,1,0,0,0,1.49559, 0, 0, 0, 0, 0,1.49559, 0, 0,-0.0004237, 0, 0, 0, 0, 0
2960,3.13345, 1, 4,-0, 0, -0,1,0,0,0,1.49559, 0, 0, 0, 0, 0,1.49559, 0, 0,-0.000423685, 0, 0, 0, 0, 0
2965,3.14093, 1, 4,-0, 0, -0,1,0,0,0,1.49559, 0, 0, 0, 0, 0,1.49559, 0, 0,-0.000423669, 0, 0, 0, 0, 0
2970,3.1484, 1, 4,-0, 0, -0,1,0,0,0,1.49559, 0, 0, 0, 0, 0,1.49559, 0, 0,-0.000423653, 0, 0, 0, 0, 0
2975,3.15588, 1, 4,-0, 0, -0,1,0,0,0,1.49559, 0, 0, 0, 0, 0,1.49559, 0, 0,-0.000423638, 0, 0, 0, 0, 0
2980,3.16336, 1, 4,-0, 0, -0,1,0,0,0,1.49558, 0, 0, 0, 0, 0,1.49558, 0, 0,-0.000423622, 0, 0, 0, 0, 0
2985,3.17084, 1, 4,-0, 0, -0,1,0,0,0,1.49558, 0, 0, 0, 0, 0,1.49558, 0, 0,-0.000423606, 0, 0, 0, 0, 0
2990,3.17832, 1, 4,-0, 0, -0,1,0,0,0,1.49558, 0, 0, 0, 0, 0,1.49558, 0, 0,-0.000423591, 0, 0, 0, 0, 0
2995,3.18579, 1, 4,-0, 0, -0,1,0,0,0,1.49558, 0, 0, 0, 0, 0,1.49558, 0, 0,-0.000423575, 0, 0, 0, 0, 0
3000,3.19327, 1, 4,-0, 0, -0,1,0,0,0,1.49557, 0, 0, 0, 0, 0,1.49557, 0, 0,-0.00042356, 0, 0, 0, 0, 0
3005,3.20075, 1, 4,-0, 0, -0,1,0,0,0,1.49557, 0, 0, 0, 0, 0,1.49557, 0, 0,-0.000423544, 0, 0, 0, 0, 0
3010,3.20823, 1, 4,-0, 0, -0,1,0,0,0,1.49557, 0, 0, 0, 0, 0,1.49557, 0, 0,-0.000423528, 0, 0, 0, 0, 0
3015,3.21571, 1, 4,-0, 0, -0,1,0,0,0,1.49557, 0, 0, 0, 0, 0,1.49557, 0, 0,-0.000423513, 0, 0, 0, 0, 0
3020,3.22318, 1, 4,-0, 0, -0,1,0,0,0,1.49557, 0, 0, 0, 0, 0,1.49557, 0, 0,-0.000423497, 0, 0, 0, 0, 0
3025,3.23066, 1, 4,-0, 0, -0,1,0,0,0,1.49556, 0, 0, 0, 0, 0,1.49556, 0, 0,-0.000423482, 0, 0, 0, 0, 0
3030,3.23814, 1, 4,-0, 0, -0,1,0,0,0,1.49556, 0, 0, 0, 0, 0,1.49556, 0, 0,-0.000423466, 0, 0, 0, 0, 0
3035,3.24562, 1, 4,-0, 0, -0,1,0,0,0,1.49556, 0, 0, 0, 0, 0,1.49556, 0, 0,-0.00042345, 0, 0, 0, 0, 0
3040,3.25309, 1, 4,-0, 0, -0,1,0,0,0,1.49556, 0, 0, 0, 0, 0,1.49556, 0, 0,-0.000423435, 0, 0, 0, 0, 0
3045,3.26057, 1, 4,-0, 0, -0,1,0,0,0,1.49556, 0, 0, 0, 0, 0,1.49556, 0, 0,-0.000423419, 0, 0, 0, 0, 0
3050,3.26805, 1, 4,-0, 0, -0,1,0,0,0,1.49555, 0, 0, 0, 0, 0,1.49555, 0, 0,-0.000423403, 0, 0, 0, 0, 0
3055,3.27553, 1, 4,-0, 0, -0,1,0,0,0,1.49555, 0, 0, 0, 0, 0,1.49555, 0, 0,-0.000423388, 0, 0, 0, 0, 0
3060,3.28301, 1, 4,-0, 0, -0,1,0,0,0,1.49555, 0, 0, 0, 0, 0,1.49555, 0, 0,-0.000423372, 0, 0, 0, 0, 0
3065,3.29048, 1, 4,-0, 0, -0,1,0,0,0,1.49555, 0, 0, 0, 0, 0,1.49555, 0, 0,-0.000423357, 0, 0, 0, 0, 0
3070,3.29796, 1, 4,-0, 0, -0,1,0,0,0,1.49555, 0, 0, 0, 0, 0,1.49555, 0, 0,-0.000423341, 0, 0, 0, 0, 0
3075,3.30544, 1, 4,-0, 0, -0,1,0,0,0,1.49554, 0, 0, 0, 0, 0,1.49554, 0, 0,-0.000423325, 0, 0, 0, 0, 0
3080,3.31292, 1, 4,-0, 0, -0,1,0,0,0,1.49554, 0, 0, 0, 0, 0,1.49554, 0, 0,-0.00042331, 0, 0, 0, 0, 0
3085,3.32039, 1, 4,-0, 0, -0,1,0,0,0,1.49554, 0, 0, 0, 0, 0,1.49554, 0, 0,-0.000423294, 0, 0, 0, 0, 0
3090,3.32787, 1, 4,-0, 0, -0,1,0,0,0,1.49554, 0, 0, 0, 0, 0,1.49554, 0, 0,-0.000423279, 0, 0, 0, 0, 0
3095,3.33535, 1, 4,-0, 0, -0,1,0,0,0,1.49553, 0, 0, 0, 0, 0,1.49553, 0, 0,-0.000423263, 0, 0, 0, 0, 0
3100,3.34283, 1, 4,-0, 0, -0,1,0,0,0,1.49553, 0, 0, 0, 0, 0,1.49553, 0, 0,-0.000423247, 0, 0, 0, 0, 0
3105,3.3503, 1, 4,-0, 0, -0,1,0,0,0,1.49553, 0, 0, 0, 0, 0,1.49553, 0, 0,-0.000423232, 0, 0, 0, 0, 0
3110,3.35778, 1, 4,-0, 0, -0,1,0,0,0,1.49553, 0, 0, 0, 0, 0,1.49553, 0, 0,-0.000423216, 0, 0, 0, 0, 0
3115,3.36526, 1, 4,-0, 0, -0,1,0,0,0,1.49553, 0, 0, 0, 0, 0,1.49553, 0, 0,-0.000423201, 0, 0, 0, 0, 0
3120,3.37274, 1, 4,-0, 0, -0,1,0,0,0,1.49552, 0, 0, 0, 0, 0,1.49552, 0, 0,-0.000423185, 0, 0, 0, 0, 0
3125,3.38021, 1, 4,-0, 0, -0,1,0,0,0,1.49552, 0, 0, 0, 0, 0,1.49552, 0, 0,-0.000423169, 0, 0, 0, 0, 0
3130,3.38769, 1, 4,-0, 0, -0,1,0,0,0,1.49552, 0, 0, 0, 0, 0,1.49552, 0, 0,-0.000423154, 0, 0, 0, 0, 0
3135,3.39517, 1, 4,-0, 0, -0,1,0,0,0,1.49552, 0, 0, 0, 0, 0,1.49552, 0, 0,-0.000423138, 0, 0, 0, 0, 0
3140,3.40265, 1, 4,-0, 0, -0,1,0,0,0,1.49552, 0, 0, 0, 0, 0,1.49552, 0, 0,-0.000423123, 0, 0, 0, 0, 0
3145,3.41013, 1, 4,-0, 0, -0,1,0,0,0,1.49551, 0, 0, 0, 0, 0,1.49551, 0, 0,-0.000423107, 0, 0, 0, 0, 0
3150,3.4176, 1, 4,-0, 0, -0,1,0,0,0,1.49551, 0, 0, 0, 0, 0,1.49551, 0, 0,-0.000423092, 0, 0, 0, 0, 0
3155,3.42508, 1, 4,-0, 0, -0,1,0,0,0,1.49551, 0, 0, 0, 0, 0,1.49551, 0, 0,-0.000423076, 0, 0, 0, 0, 0
3160,3.43256, 1, 4,-0, 0, -0,1,0,0,0,1.49551, 0, 0, 0, 0, 0,1.49551, 0, 0,-0.00042306, 0, 0, 0, 0, 0
3165,3.44004, 1, 4,-0, 0, -0,1,0,0,0,1.4955, 0, 0, 0, 0, 0,1.4955, 0, 0,-0.000423045, 0, 0, 0, 0, 0
3170,3.44751, 1, 4,-0, 0, -0,1,0,0,0,1.4955, 0, 0, 0, 0, 0,1.4955, 0, 0,-0.000423029, 0, 0, 0, 0, 0
3175,3.45499, 1, 4,-0, 0, -0,1,0,0,0,1.4955, 0, 0, 0, 0, 0,1.4955, 0, 0,-0.000423014, 0, 0, 0, 0, 0
3180,3.46247, 1, 4,-0, 0, -0,1,0,0,0,1.4955, 0, 0, 0, 0, 0,1.4955, 0, 0,-0.000422998, 0, 0, 0, 0, 0
3185,3.46995, 1, 4,-0, 0, -0,1,0,0,0,1.4955, 0, 0, 0, 0, 0,1.4955, 0, 0,-0.000422982, 0, 0, 0, 0, 0
3190,3.47742, 1, 4,-0, 0, -0,1,0,0,0,1.49549, 0, 0, 0, 0, 0,1.49549, 0, 0,-0.000422967, 0, 0, 0, 0, 0
3195,3.4849, 1, 4,-0, 0, -0,1,0,0,0,1.49549, 0, 0, 0, 0, 0,1.49549, 0, 0,-0.000422951, 0, 0, 0, 0, 0
3200,3.49238, 1, 4,-0, 0, -0,1,0,0,0,1.49549, 0, 0, 0, 0, 0,1.49549, 0, 0,-0.000422936, 0, 0, 0, 0, 0
3205,3.49986, 1, 4,-0, 0, -0,1,0,0,0,1.49549, 0, 0, 0, 0, 0,1.49549, 0, 0,-0.00042292, 0, 0, 0, 0, 0
3210,3.50733, 1, 4,-0, 0, -0,1,0,0,0,1.49549, 0, 0, 0, 0, 0,1.49549, 0, 0,-0.000422905, 0, 0, 0, 0, 0
3215,3.51481, 1, 4,-0, 0, -0,1,0,0,0,1.49548, 0, 0, 0, 0, 0,1.49548, 0, 0,-0.000422889, 0, 0, 0, 0, 0
3220,3.52229, 1, 4,-0, 0, -0,1,0,0,0,1.49548, 0, 0, 0, 0, 0,1.49548, 0, 0,-0.000422873, 0, 0, 0, 0, 0
3225,3.52977, 1, 4,-0, 0, -0,1,0,0,0,1.49548, 0, 0, 0, 0, 0,1.49548, 0, 0,-0.000422858, 0, 0, 0, 0, 0
3230,3.53724, 1, 4,-0, 0, -0,1,0,0,0,1.49548, 0, 0, 0, 0, 0,1.49548, 0, 0,-0.000422842, 0, 0, 0, 0, 0
3235,3.54472, 1, 4,-0, 0, -0,1,0,0,0,1.49548, 0, 0, 0, 0, 0,1.49548, 0, 0,-0.000422827, 0, 0, 0, 0, 0
3240,3.5522, 1, 4,-0, 0, -0,1,0,0,0,1.49547, 0, 0, 0, 0, 0,1.49547, 0, 0,-0.000422811, 0, 0, 0, 0, 0
3245,3.55967, 1, 4,-0, 0, -0,1,0,0,0,1.49547, 0, 0, 0, 0, 0,1.49547, 0, 0,-0.000422796, 0, 0, 0, 0, 0
3250,3.56715, 1, 4,-0, 0, -0,1,0,0,0,1.49547, 0, 0, 0, 0, 0,1.49547, 0, 0,-0.00042278, 0, 0, 0, 0, 0
3255,3.57463, 1, 4,-0, 0, -0,1,0,0,0,1.49547, 0, 0, 0, 0, 0,1.49547, 0, 0,-0.000422764, 0, 0, 0, 0, 0
3260,3.58211, 1, 4,-0, 0, -0,1,0,0,0,1.49546, 0, 0, 0, 0, 0,1.49546, 0, 0,-0.000422749, 0, 0, 0, 0, 0
3265,3.58958, 1, 4,-0, 0, -0,1,0,0,0,1.49546, 0, 0, 0, 0, 0,1.49546, 0, 0,-0.000422733, 0, 0, 0, 0, 0
3270,3.59706, 1, 4,-0, 0, -0,1,0,0,0,1.49546, 0, 0, 0, 0, 0,1.49546, 0, 0,-0.000422718, 0, 0, 0, 0, 0
3275,3.60454, 1, 4,-0, 0, -0,1,0,0,0,1.49546, 0, 0, 0, 0, 0,1.49546, 0, 0,-0.000422702, 0, 0, 0, 0, 0
3280,3.61202, 1, 4,-0, 0, -0,1,0,0,0,1.49546, 0, 0, 0, 0, 0,1.49546, 0, 0,-0.000422687, 0, 0, 0, 0, 0
3285,3.61949, 1, 4,-0, 0, -0,1,0,0,0,1.49545, 0, 0, 0, 0, 0,1.49545, 0, 0,-0.000422671, 0, 0, 0, 0, 0
3290,3.62697, 1, 4,-0, 0, -0,1,0,0,0,1.49545, 0, 0, 0, 0, 0,1.49545, 0, 0,-0.000422655, 0, 0, 0, 0, 0
3295,3.63445, 1, 4,-0, 0, -0,1,0,0,0,1.49545, 0, 0, 0, 0, 0,1.49545, 0, 0,-0.00042264, 0, 0, 0, 0, 0
3300,3.64192, 1, 4,-0, 0, -0,1,0,0,0,1.49545, 0, 0, 0, 0, 0,1.49545, 0, 0,-0.000422624, 0, 0, 0, 0, 0
3305,3.6494, 1, 4,-0, 0, -0,1,0,0,0,1.49545, 0, 0, 0, 0, 0,1.49545, 0, 0,-0.000422609, 0, 0, 0, 0, 0
3310,3.65688, 1, 4,-0, 0, -0,1,0,0,0,1.49544, 0, 0, 0, 0, 0,1.49544, 0, 0,-0.000422593, 0, 0, 0, 0, 0
3315,3.66436, 1, 4,-0, 0, -0,1,0,0,0,1.49544, 0, 0, 0, 0, 0,1.49544, 0, 0,-0.000422578, 0, 0, 0, 0, 0
3320,3.67183, 1, 4,-0, 0, -0,1,0,0,0,1.49544, 0, 0, 0, 0, 0,1.49544, 0, 0,-0.000422562, 0, 0, 0, 0, 0
3325,3.67931, 1, 4,-0, 0, -0,1,0,0,0,1.49544, 0, 0, 0, 0, 0,1.49544, 0, 0,-0.000422547, 0, 0, 0, 0, 0
3330,3.68679, 1, 4,-0, 0, -0,1,0,0,0,1.49544, 0, 0, 0, 0, 0,1.49544, 0, 0,-0.000422531, 0, 0, 0, 0, 0
3335,3.69427, 1, 4,-0, 0, -0,1,0,0,0,1.49543, 0, 0, 0, 0, 0,1.49543, 0, 0,-0.000422515, 0, 0, 0, 0, 0
3340,3.70174, 1, 4,-0, 0, -0,1,0,0,0,1.49543, 0, 0, 0, 0, 0,1.49543, 0, 0,-0.0004225, 0, 0, 0, 0, 0
3345,3.70922, 1, 4,-0, 0, -0,1,0,0,0,1.49543, 0, 0, 0, 0, 0,1.49543, 0, 0,-0.000422484, 0, 0, 0, 0, 0
3350,3.7167, 1, 4,-0, 0, -0,1,0,0,0,1.49543, 0, 0, 0, 0, 0,1.49543, 0, 0,-0.000422469, 0, 0, 0, 0, 0
3355,3.72417, 1, 4,-0, 0, -0,1,0,0,0,1.49542, 0, 0, 0, 0, 0,1.49542, 0, 0,-0.000422453, 0, 0, 0, 0, 0
3360,3.73165, 1, 4,-0, 0, -0,1,0,0,0,1.49542, 0, 0, 0, 0, 0,1.49542, 0, 0,-0.000422438, 0, 0, 0, 0, 0
3365,3.73913, 1, 4,-0, 0, -0,1,0,0,0,1.49542, 0, 0, 0, 0, 0,1.49542, 0, 0,-0.000422422, 0, 0, 0, 0, 0
3370,3.74661, 1, 4,-0, 0, -0,1,0,0,0,1.49542, 0, 0, 0, 0, 0,1.49542, 0, 0,-0.000422407, 0, 0, 0, 0, 0
3375,3.75408, 1, 4,-0, 0, -0,1,0,0,0,1.49542, 0, 0, 0, 0, 0,1.49542, 0, 0,-0.000422391, 0, 0, 0, 0, 0
3380,3.76156, 1, 4,-0, 0, -0,1,0,0,0,1.49541, 0, 0, 0, 0, 0,1.49541, 0, 0,-0.000422376, 0, 0, 0, 0, 0
3385,3.76904, 1, 4,-0, 0, -0,1,0,0,0,1.49541, 0, 0, 0, 0, 0,1.49541, 0, 0,-0.00042236, 0, 0, 0, 0, 0
3390,3.77651, 1, 4,-0, 0, -0,1,0,0,0,1.49541, 0, 0, 0, 0, 0,1.49541, 0, 0,-0.000422344, 0, 0, 0, 0, 0
3395,3.78399, 1, 4,-0, 0, -0,1,0,0,0,1.49541, 0, 0, 0, 0, 0,1.49541, 0, 0,-0.000422329, 0, 0, 0, 0, 0
3400,3.79147, 1, 4,-0, 0, -0,1,0,0,0,1.49541, 0, 0, 0, 0, 0,1.49541, 0, 0,-0.000422313, 0, 0, 0, 0, 0
3405,3.79894, 1, 4,-0, 0, -0,1,0,0,0,1.4954, 0, 0, 0, 0, 0,1.4954, 0, 0,-0.000422298, 0, 0, 0, 0, 0
3410,3.80642, 1, 4,-0, 0, -0,1,0,0,0,1.4954, 0, 0, 0, 0, 0,1.4954, 0, 0,-0.000422282, 0, 0, 0, 0, 0
3415,3.8139, 1, 4,-0, 0, -0,1,0,0,0,1.4954, 0, 0, 0, 0, 0,1.4954, 0, 0,-0.000422267, 0, 0, 0, 0, 0
3420,3.82138, 1, 4,-0, 0, -0,1,0,0,0,1.4954, 0, 0, 0, 0, 0,1.4954, 0, 0,-0.000422251, 0, 0, 0, 0, 0
3425,3.82885, 1, 4,-0, 0, -0,1,0,0,0,1.4954, 0, 0, 0, 0, 0,1.4954, 0, 0,-0.000422236, 0, 0, 0, 0, 0
3430,3.83633, 1, 4,-0, 0, -0,1,0,0,0,1.49539, 0, 0, 0, 0, 0,1.49539, 0, 0,-0.00042222, 0, 0, 0, 0, 0
3435,3.84381, 1, 4,-0, 0, -0,1,0,0,0,1.49539, 0, 0, 0, 0, 0,1.49539, 0, 0,-0.000422205, 0, 0, 0, 0, 0
3440,3.85128, 1, 4,-0, 0, -0,1,0,0,0,1.49539, 0, 0, 0, 0, 0,1.49539, 0, 0,-0.000422189, 0, 0, 0, 0, 0
3445,3.85876, 1, 4,-0, 0, -0,1,0,0,0,1.49539, 0, 0, 0, 0, 0,1.49539, 0, 0,-0.000422174, 0, 0, 0, 0, 0
3450,3.86624, 1, 4,-0, 0, -0,1,0,0,0,1.49538, 0, 0, 0, 0, 0,1.49538, 0, 0,-0.000422158, 0, 0, 0, 0, 0
3455,3.87371, 1, 4,-0, 0, -0,1,0,0,0,1.49538, 0, 0, 0, 0, 0,1.49538, 0, 0,-0.000422142, 0, 0, 0, 0, 0
3460,3.88119, 1, 4,-0, 0, -0,1,0,0,0,1.49538, 0, 0, 0, 0, 0,1.49538, 0, 0,-0.000422127, 0, 0, 0, 0, 0
3465,3.88867, 1, 4,-0, 0, -0,1,0,0,0,1.49538, 0, 0, 0, 0, 0,1.49538, 0, 0,-0.000422111, 0, 0, 0, 0, 0
3470,3.89614, 1, 4,-0, 0, -0,1,0,0,0,1.49538, 0, 0, 0, 0, 0,1.49538, 0, 0,-0.000422096, 0, 0, 0, 0, 0
3475,3.90362, 1, 4,-0, 0, -0,1,0,0,0,1.49537, 0, 0, 0, 0, 0,1.49537, 0, 0,-0.00042208, 0, 0, 0, 0, 0
3480,3.9111, 1, 4,-0, 0, -0,1,0,0,0,1.49537, 0, 0, 0, 0, 0,1.49537, 0, 0,-0.000422065, 0, 0, 0, 0, 0
3485,3.91858, 1, 4,-0, 0, -0,1,0,0,0,1.49537, 0, 0, 0, 0, 0,1.49537, 0, 0,-0.000422049, 0, 0, 0, 0, 0
3490,3.92605, 1, 4,-0, 0, -0,1,0,0,0,1.49537, 0, 0, 0, 0, 0,1.49537, 0, 0,-0.000422034, 0, 0, 0, 0, 0
3495,3.93353, 1, 4,-0, 0, -0,1,0,0,0,1.49537, 0, 0, 0, 0, 0,1.49537, 0, 0,-0.000422018, 0, 0, 0, 0, 0
3500,3.94101, 1, 4,-0, 0, -0,1,0,0,0,1.49536, 0, 0, 0, 0, 0,1.49536, 0, 0,-0.000422003, 0, 0, 0, 0, 0
3505,3.94848, 1, 4,-0, 0, -0,1,0,0,0,1.49536, 0, 0, 0, 0, 0,1.49536, 0, 0,-0.000421987, 0, 0, 0, 0, 0
3510,3.95596, 1, 4,-0, 0, -0,1,0,0,0,1.49536, 0, 0, 0, 0, 0,1.49536, 0, 0,-0.000421972, 0, 0, 0, 0, 0
3515,3.96344, 1, 4,-0, 0, -0,1,0,0,0,1.49536, 0, 0, 0, 0, 0,1.49536, 0, 0,-0.000421956, 0, 0, 0, 0, 0
3520,3.97091, 1, 4,-0, 0, -0,1,0,0,0,1.49535, 0, 0, 0, 0, 0,1.49535, 0, 0,-0.000421941, 0, 0, 0, 0, 0
3525,3.97839, 1, 4,-0, 0, -0,1,0,0,0,1.49535, 0, 0, 0, 0, 0,1.49535, 0, 0,-0.000421925, 0, 0, 0, 0, 0
3530,3.98587, 1, 4,-0, 0, -0,1,0,0,0,1.49535, 0, 0, 0, 0, 0,1.49535, 0, 0,-0.00042191, 0, 0, 0, 0, 0
3535,3.99334, 1, 4,-0, 0, -0,1,0,0,0,1.49535, 0, 0, 0, 0, 0,1.49535, 0, 0,-0.000421894, 0, 0, 0, 0, 0
3540,4.00082, 1, 4,-0, 0, -0,1,0,0,0,1.49535, 0, 0, 0, 0, 0,1.49535, 0, 0,-0.000421879, 0, 0, 0, 0, 0
3545,4.0083, 1, 4,-0, 0, -0,1,0,0,0,1.49534, 0, 0, 0, 0, 0,1.49534, 0, 0,-0.000421863, 0, 0, 0, 0, 0
3550,4.01577, 1, 4,-0, 0, -0,1,0,0,0,1.49534, 0, 0, 0, 0, 0,1.49534, 0, 0,-0.000421848, 0, 0, 0, 0, 0
3555,4.02325, 1, 4,-0, 0, -0,1,0,0,0,1.49534, 0, 0, 0, 0, 0,1.49534, 0, 0,-0.000421832, 0, 0, 0, 0, 0
3560,4.03073, 1, 4,-0, 0, -0,1,0,0,0,1.49534, 0, 0, 0, 0, 0,1.49534, 0, 0,-0.000421816, 0, 0, 0, 0, 0
3565,4.0382, 1, 4,-0, 0, -0,1,0,0,0,1.49534, 0, 0, 0, 0, 0,1.49534, 0, 0,-0.000421801, 0, 0, 0, 0, 0
3570,4.04568, 1, 4,-0, 0, -0,1,0,0,0,1.49533, 0, 0, 0, 0, 0,1.49533, 0, 0,-0.000421785, 0, 0, 0, 0, 0
3575,4.05316, 1, 4,-0, 0, -0,1,0,0,0,1.49533, 0, 0, 0, 0, 0,1.49533, 0, 0,-0.00042177, 0, 0, 0, 0, 0
3580,4.06063, 1, 4,-0, 0, -0,1,0,0,0,1.49533, 0, 0, 0, 0, 0,1.49533, 0, 0,-0.000421754, 0, 0, 0, 0, 0
3585,4.06811, 1, 4,-0, 0, -0,1,0,0,0,1.49533, 0, 0, 0, 0, 0,1.49533, 0, 0,-0.000421739, 0, 0, 0, 0, 0
3590,4.07559, 1, 4,-0, 0, -0,1,0,0,0,1.49533, 0, 0, 0, 0, 0,1.49533, 0, 0,-0.000421723, 0, 0, 0, 0, 0
3595,4.08306, 1, 4,-0, 0, -0,1,0,0,0,1.49532, 0, 0, 0, 0, 0,1.49532, 0, 0,-0.000421708, 0, 0, 0, 0, 0
3600,4.09054, 1, 4,-0, 0, -0,1,0,0,0,1.49532, 0, 0, 0, 0, 0,1.49532, 0, 0,-0.000421692, 0, 0, 0, 0, 0
3605,4.09802, 1, 4,-0, 0, -0,1,0,0,0,1.49532, 0, 0, 0, 0, 0,1.49532, 0, 0,-0.000421677, 0, 0, 0, 0, 0
3610,4.10549, 1, 4,-0, 0, -0,1,0,0,0,1.49532, 0, 0, 0, 0, 0,1.49532, 0, 0,-0.000421661, 0, 0, 0, 0, 0
3615,4.11297, 1, 4,-0, 0, -0,1,0,0,0,1.49531, 0, 0, 0, 0, 0,1.49531, 0, 0,-0.000421646, 0, 0, 0, 0, 0
3620,4.12045, 1, 4,-0, 0, -0,1,0,0,0,1.49531, 0, 0, 0, 0, 0,1.49531, 0, 0,-0.00042163, 0, 0, 0, 0, 0
3625,4.12792, 1, 4,-0, 0, -0,1,0,0,0,1.49531, 0, 0, 0, 0, 0,1.49531, 0, 0,-0.000421615, 0, 0, 0, 0, 0
3630,4.1354, 1, 4,-0, 0, -0,1,0,0,0,1.49531, 0, 0, 0, 0, 0,1.49531, 0, 0,-0.000421599, 0, 0, 0, 0, 0
3635,4.14288, 1, 4,-0, 0, -0,1,0,0,0,1.49531, 0, 0, 0, 0, 0,1.49531, 0, 0,-0.000421584, 0, 0, 0, 0, 0
3640,4.15035, 1, 4,-0, 0, -0,1,0,0,0,1.4953, 0, 0, 0, 0, 0,1.4953, 0, 0,-0.000421568, 0, 0, 0, 0, 0
3645,4.15783, 1, 4,-0, 0, -0,1,0,0,0,1.4953, 0, 0, 0, 0, 0,1.4953, 0, 0,-0.000421553, 0, 0, 0, 0, 0
3650,4.16531, 1, 4,-0, 0, -0,1,0,0,0,1.4953, 0, 0, 0, 0, 0,1.4953, 0, 0,-0.000421537, 0, 0, 0, 0, 0
3655,4.17278, 1, 4,-0, 0, -0,1,0,0,0,1.4953, 0, 0, 0, 0, 0,1.4953, 0, 0,-0.000421522, 0, 0, 0, 0, 0
3660,4.18026, 1, 4,-0, 0, -0,1,0,0,0,1.4953, 0, 0, 0, 0, 0,1.4953, 0, 0,-0.000421506, 0, 0, 0, 0, 0
3665,4.18774, 1, 4,-0, 0, -0,1,0,0,0,1.49529, 0, 0, 0, 0, 0,1.49529, 0, 0,-0.000421491, 0, 0, 0, 0, 0
3670,4.19521, 1, 4,-0, 0, -0,1,0,0,0,1.49529, 0, 0, 0, 0, 0,1.49529, 0, 0,-0.000421475, 0, 0, 0, 0, 0
3675,4.20269, 1, 4,-0, 0, -0,1,0,0,0,1.49529, 0, 0, 0, 0, 0,1.49529, 0, 0,-0.00042146, 0, 0, 0, 0, 0
3680,4.21016, 1, 4,-0, 0, -0,1,0,0,0,1.49529, 0, 0, 0, 0, 0,1.49529, 0, 0,-0.000421444, 0, 0, 0, 0, 0
3685,4.21764, 1, 4,-0, 0, -0,1,0,0,0,1.49529, 0, 0, 0, 0, 0,1.49529, 0, 0,-0.000421429, 0, 0, 0, 0, 0
3690,4.22512, 1, 4,-0, 0, -0,1,0,0,0,1.49528, 0, 0, 0, 0, 0,1.49528, 0, 0,-0.000421413, 0, 0, 0, 0, 0
3695,4.23259, 1, 4,-0, 0, -0,1,0,0,0,1.49528, 0, 0, 0, 0, 0,1.49528, 0, 0,-0.000421398, 0, 0, 0, 0, 0
3700,4.24007, 1, 4,-0, 0, -0,1,0,0,0,1.49528, 0, 0, 0, 0, 0,1.49528, 0, 0,-0.000421382, 0, 0, 0, 0, 0
3705,4.24755, 1, 4,-0, 0, -0,1,0,0,0,1.49528, 0, 0, 0, 0, 0,1.49528, 0, 0,-0.000421367, 0, 0, 0, 0, 0
3710,4.25502, 1, 4,-0, 0, -0,1,0,0,0,1.49527, 0, 0, 0, 0, 0,1.49527, 0, 0,-0.000421352, 0, 0, 0, 0, 0
3715,4.2625, 1, 4,-0, 0, -0,1,0,0,0,1.49527, 0, 0, 0, 0, 0,1.49527, 0, 0,-0.000421336, 0, 0, 0, 0, 0
3720,4.26998, 1, 4,-0, 0, -0,1,0,0,0,1.49527, 0, 0, 0, 0, 0,1.49527, 0, 0,-0.000421321, 0, 0, 0, 0, 0
3725,4.27745, 1, 4,-0, 0, -0,1,0,0,0,1.49527, 0, 0, 0, 0, 0,1.49527, 0, 0,-0.000421305, 0, 0, 0, 0, 0
3730,4.28493, 1, 4,-0, 0, -0,1,0,0,0,1.49527, 0, 0, 0, 0, 0,1.49527, 0, 0,-0.00042129, 0, 0, 0, 0, 0
3735,4.2924, 1, 4,-0, 0, -0,1,0,0,0,1.49526, 0, 0, 0, 0, 0,1.49526, 0, 0,-0.000421274, 0, 0, 0, 0, 0
3740,4.29988, 1, 4,-0, 0, -0,1,0,0,0,1.49526, 0, 0, 0, 0, 0,1.49526, 0, 0,-0.000421259, 0, 0, 0, 0, 0
3745,4.30736, 1, 4,-0, 0, -0,1,0,0,0,1.49526, 0, 0, 0, 0, 0,1.49526, 0, 0,-0.000421243, 0, 0, 0, 0, 0
3750,4.31483, 1, 4,-0, 0, -0,1,0,0,0,1.49526, 0, 0, 0, 0, 0,1.49526, 0, 0,-0.000421228, 0, 0, 0, 0, 0
3755,4.32231, 1, 4,-0, 0, -0,1,0,0,0,1.49526, 0, 0, 0, 0, 0,1.49526, 0, 0,-0.000421212, 0, 0, 0, 0, 0
3760,4.32979, 1, 4,-0, 0, -0,1,0,0,0,1.49525, 0, 0, 0, 0, 0,1.49525, 0, 0,-0.000421197, 0, 0, 0, 0, 0
3765,4.33726, 1, 4,-0, 0, -0,1,0,0,0,1.49525, 0, 0, 0, 0, 0,1.49525, 0, 0,-0.000421181, 0, 0, 0, 0, 0
3770,4.34474, 1, 4,-0, 0, -0,1,0,0,0,1.49525, 0, 0, 0, 0, 0,1.49525, 0, 0,-0.000421166, 0, 0, 0, 0, 0
3775,4.35221, 1, 4,-0, 0, -0,1,0,0,0,1.49525, 0, 0, 0, 0, 0,1.49525, 0, 0,-0.00042115, 0, 0, 0, 0, 0
3780,4.35969, 1, 4,-0, 0, -0,1,0,0,0,1.49525, 0, 0, 0, 0, 0,1.49525, 0, 0,-0.000421135, 0, 0, 0, 0, 0
3785,4.36717, 1, 4,-0, 0, -0,1,0,0,0,1.49524, 0, 0, 0, 0, 0,1.49524, 0, 0,-0.000421119, 0, 0, 0, 0, 0
3790,4.37464, 1, 4,-0, 0, -0,1,0,0,0,1.49524, 0, 0, 0, 0, 0,1.49524, 0, 0,-0.000421104, 0, 0, 0, 0, 0
3795,4.38212, 1, 4,-0, 0, -0,1,0,0,0,1.49524, 0, 0, 0, 0, 0,1.49524, 0, 0,-0.000421088, 0, 0, 0, 0, 0
3800,4.3896, 1, 4,-0, 0, -0,1,0,0,0,1.49524, 0, 0, 0, 0, 0,1.49524, 0, 0,-0.000421073, 0, 0, 0, 0, 0
3805,4.39707, 1, 4,-0, 0, -0,1,0,0,0,1.49523, 0, 0, 0, 0, 0,1.49523, 0, 0,-0.000421057, 0, 0, 0, 0, 0
3810,4.40455, 1, 4,-0, 0, -0,1,0,0,0,1.49523, 0, 0, 0, 0, 0,1.49523, 0, 0,-0.000421042, 0, 0, 0, 0, 0
3815,4.41202, 1, 4,-0, 0, -0,1,0,0,0,1.49523, 0, 0, 0, 0, 0,1.49523, 0, 0,-0.000421026, 0, 0, 0, 0, 0
3820,4.4195, 1, 4,-0, 0, -0,1,0,0,0,1.49523, 0, 0, 0, 0, 0,1.49523, 0, 0,-0.000421011, 0, 0, 0, 0, 0
3825,4.42698, 1, 4,-0, 0, -0,1,0,0,0,1.49523, 0, 0, 0, 0, 0,1.49523, 0, 0,-0.000420996, 0, 0, 0, 0, 0
3830,4.43445, 1, 4,-0, 0, -0,1,0,0,0,1.49522, 0, 0, 0, 0, 0,1.49522, 0, 0,-0.00042098, 0, 0, 0, 0, 0
3835,4.44193, 1, 4,-0, 0, -0,1,0,0,0,1.49522, 0, 0, 0, 0, 0,1.49522, 0, 0,-0.000420965, 0, 0, 0, 0, 0
3840,4.4494, 1, 4,-0, 0, -0,1,0,0,0,1.49522, 0, 0, 0, 0, 0,1.49522, 0, 0,-0.000420949, 0, 0, 0, 0, 0
3845,4.45688, 1, 4,-0, 0, -0,1,0,0,0,1.49522, 0, 0, 0, 0, 0,1.49522, 0, 0,-0.000420934, 0, 0, 0, 0, 0
3850,4.46436, 1, 4,-0, 0, -0,1,0,0,0,1.49522, 0, 0, 0, 0, 0,1.49522, 0, 0,-0.000420918, 0, 0, 0, 0, 0
3855,4.47183, 1, 4,-0, 0, -0,1,0,0,0,1.49521, 0, 0, 0, 0, 0,1.49521, 0, 0,-0.000420903, 0, 0, 0, 0, 0
3860,4.47931, 1, 4,-0, 0, -0,1,0,0,0,1.49521, 0, 0, 0, 0, 0,1.49521, 0, 0,-0.000420887, 0, 0, 0, 0, 0
3865,4.48679, 1, 4,-0, 0, -0,1,0,0,0,1.49521, 0, 0, 0, 0, 0,1.49521, 0, 0,-0.000420872, 0, 0, 0, 0, 0
3870,4.49426, 1, 4,-0, 0, -0,1,0,0,0,1.49521, 0, 0, 0, 0, 0,1.49521, 0, 0,-0.000420856, 0, 0, 0, 0, 0
3875,4.50174, 1, 4,-0, 0, -0,1,0,0,0,1.49521, 0, 0, 0, 0, 0,1.49521, 0, 0,-0.000420841, 0, 0, 0, 0, 0
3880,4.50921, 1, 4,-0, 0, -0,1,0,0,0,1.4952, 0, 0, 0, 0, 0,1.4952, 0, 0,-0.000420825, 0, 0, 0, 0, 0
3885,4.51669, 1, 4,-0, 0, -0,1,0,0,0,1.4952, 0, 0, 0, 0, 0,1.4952, 0, 0,-0.00042081, 0, 0, 0, 0, 0
3890,4.52417, 1, 4,-0, 0, -0,1,0,0,0,1.4952, 0, 0, 0, 0, 0,1.4952, 0, 0,-0.000420795, 0, 0, 0, 0, 0
3895,4.53164, 1, 4,-0, 0, -0,1,0,0,0,1.4952, 0, 0, 0, 0, 0,1.4952, 0, 0,-0.000420779, 0, 0, 0, 0, 0
3900,4.53912, 1, 4,-0, 0, -0,1,0,0,0,1.49519, 0, 0, 0, 0, 0,1.49519, 0, 0,-0.000420764, 0, 0, 0, 0, 0
3905,4.54659, 1, 4,-0, 0, -0,1,0,0,0,1.49519, 0, 0, 0, 0, 0,1.49519, 0, 0,-0.000420748, 0, 0, 0, 0, 0
3910,4.55407, 1, 4,-0, 0, -0,1,0,0,0,1.49519, 0, 0, 0, 0, 0,1.49519, 0, 0,-0.000420733, 0, 0, 0, 0, 0
3915,4.56155, 1, 4,-0, 0, -0,1,0,0,0,1.49519, 0, 0, 0, 0, 0,1.49519, 0, 0,-0.000420717, 0, 0, 0, 0, 0
3920,4.56902, 1, 4,-0, 0, -0,1,0,0,0,1.49519, 0, 0, 0, 0, 0,1.49519, 0, 0,-0.000420702, 0, 0, 0, 0, 0
3925,4.5765, 1, 4,-0, 0, -0,1,0,0,0,1.49518, 0, 0, 0, 0, 0,1.49518, 0, 0,-0.000420686, 0, 0, 0, 0, 0
3930,4.58397, 1, 4,-0, 0, -0,1,0,0,0,1.49518, 0, 0, 0, 0, 0,1.49518, 0, 0,-0.000420671, 0, 0, 0, 0, 0
3935,4.59145, 1, 4,-0, 0, -0,1,0,0,0,1.49518, 0, 0, 0, 0, 0,1.49518, 0, 0,-0.000420656, 0, 0, 0, 0, 0
3940,4.59892, 1, 4,-0, 0, -0,1,0,0,0,1.49518, 0, 0, 0, 0, 0,1.49518, 0, 0,-0.00042064, 0, 0, 0, 0, 0
3945,4.6064, 1, 4,-0, 0, -0,1,0,0,0,1.49518, 0, 0, 0, 0, 0,1.49518, 0, 0,-0.000420625, 0, 0, 0, 0, 0
3950,4.61388, 1, 4,-0, 0, -0,1,0,0,0,1.49517, 0, 0, 0, 0, 0,1.49517, 0, 0,-0.000420609, 0, 0, 0, 0, 0
3955,4.62135, 1, 4,-0, 0, -0,1,0,0,0,1.49517, 0, 0, 0, 0, 0,1.49517, 0, 0,-0.000420594, 0, 0, 0, 0, 0
3960,4.62883, 1, 4,-0, 0, -0,1,0,0,0,1.49517, 0, 0, 0, 0, 0,1.49517, 0, 0,-0.000420578, 0, 0, 0, 0, 0
3965,4.6363, 1, 4,-0, 0, -0,1,0,0,0,1.49517, 0, 0, 0, 0, 0,1.49517, 0, 0,-0.000420563, 0, 0, 0, 0, 0
3970,4.64378, 1, 4,-0, 0, -0,1,0,0,0,1.49517, 0, 0, 0, 0, 0,1.49517, 0, 0,-0.000420547, 0, 0, 0, 0, 0
3975,4.65126, 1, 4,-0, 0, -0,1,0,0,0,1.49516, 0, 0, 0, 0, 0,1.49516, 0, 0,-0.000420532, 0, 0, 0, 0, 0
3980,4.65873, 1, 4,-0, 0, -0,1,0,0,0,1.49516, 0, 0, 0, 0, 0,1.49516, 0, 0,-0.000420517, 0, 0, 0, 0, 0
3985,4.66621, 1, 4,-0, 0, -0,1,0,0,0,1.49516, 0, 0, 0, 0, 0,1.49516, 0, 0,-0.000420501, 0, 0, 0, 0, 0
3990,4.67368, 1, 4,-0, 0, -0,1,0,0,0,1.49516, 0, 0, 0, 0, 0,1.49516, 0, 0,-0.000420486, 0, 0, 0, 0, 0
3995,4.68116, 1, 4,-0, 0, -0,1,0,0,0,1.49515, 0, 0, 0, 0, 0,1.49515, 0, 0,-0.00042047, 0, 0, 0, 0, 0
4000,4.68863, 1, 4,-0, 0, -0,1,0,0,0,1.49515, 0, 0, 0, 0, 0,1.49515, 0, 0,-0.000420455, 0, 0, 0, 0, 0
4005,4.69611, 1, 4,-0, 0, -0,1,0,0,0,1.49515, 0, 0, 0, 0, 0,1.49515, 0, 0,-0.000420439, 0, 0, 0, 0, 0
4010,4.70359, 1, 4,-0, 0, -0,1,0,0,0,1.49515, 0, 0, 0, 0, 0,1.49515, 0, 0,-0.000420424, 0, 0, 0, 0, 0
