time,tau1,tau2,tau3,tau4,tau5,tau6
5,0, 0, 0, 0, 0, 0
10,0, 0, 0, 0, 0, 0
15,0, 0, 0, 0, 0, 0
20,0, 0, 0, 0, 0, 0
25,0, 0, 0, 0, 0, 0
30,0, 0, 0, 0, 0, 0
35,0, 0, 0, 0, 0, 0
40,0, 0, 0, 0, 0, 0
45,0.00420481, 0, 0, 0, 0, 0
50,0.182045, 0, 0, 0, 0, 0
55,0.366647, 0, 0, 0, 0, 0
60,0.556185, 0, 0, 0, 0, 0
65,0.74902, 0, 0, 0, 0, 0
70,0.943661, 0, 0, 0, 0, 0
75,1.13875, 0, 0, 0, 0, 0
80,1.33303, 0, 0, 0, 0, 0
85,1.52536, 0, 0, 0, 0, 0
90,1.71468, 0, 0, 0, 0, 0
95,1.90005, 0, 0, 0, 0, 0
100,2.08058, 0, 0, 0, 0, 0
105,2.25549, 0, 0, 0, 0, 0
110,2.42407, 0, 0, 0, 0, 0
115,2.5857, 0, 0, 0, 0, 0
120,2.73987, 0, 0, 0, 0, 0
125,2.88614, 0, 0, 0, 0, 0
130,3.02419, 0, 0, 0, 0, 0
135,3.15378, 0, 0, 0, 0, 0
140,3.27479, 0, 0, 0, 0, 0
145,3.38718, 0, 0, 0, 0, 0
150,3.491, 0, 0, 0, 0, 0
155,3.58642, 0, 0, 0, 0, 0
160,3.67367, 0, 0, 0, 0, 0
165,3.75305, 0, 0, 0, 0, 0
170,3.82494, 0, 0, 0, 0, 0
175,3.88974, 0, 0, 0, 0, 0
180,3.94792, 0, 0, 0, 0, 0
185,3.99998, 0, 0, 0, 0, 0
190,4.0464, 0, 0, 0, 0, 0
195,4.08769, 0, 0, 0, 0, 0
200,4.12437, 0, 0, 0, 0, 0
205,4.15691, 0, 0, 0, 0, 0
210,4.18579, 0, 0, 0, 0, 0
215,4.21145, 0, 0, 0, 0, 0
220,4.2343, 0, 0, 0, 0, 0
225,4.25473, 0, 0, 0, 0, 0
230,4.27306, 0, 0, 0, 0, 0
235,4.28962, 0, 0, 0, 0, 0
240,4.30468, 0, 0, 0, 0, 0
245,4.31848, 0, 0, 0, 0, 0
250,4.33122, 0, 0, 0, 0, 0
255,4.3431, 0, 0, 0, 0, 0
260,4.35425, 0, 0, 0, 0, 0
265,4.36481, 0, 0, 0, 0, 0
270,4.37488, 0, 0, 0, 0, 0
275,4.38455, 0, 0, 0, 0, 0
280,4.39388, 0, 0, 0, 0, 0
285,4.40294, 0, 0, 0, 0, 0
290,4.41177, 0, 0, 0, 0, 0
295,4.42039, 0, 0, 0, 0, 0
300,4.42882, 0, 0, 0, 0, 0
305,4.4371, 0, 0, 0, 0, 0
310,4.44522, 0, 0, 0, 0, 0
315,4.4532, 0, 0, 0, 0, 0
320,4.46103, 0, 0, 0, 0, 0
325,4.46871, 0, 0, 0, 0, 0
330,4.47625, 0, 0, 0, 0, 0
335,4.48364, 0, 0, 0, 0, 0
340,4.49088, 0, 0, 0, 0, 0
345,4.49797, 0, 0, 0, 0, 0
350,4.50489, 0, 0, 0, 0, 0
355,4.51165, 0, 0, 0, 0, 0
360,4.51824, 0, 0, 0, 0, 0
365,4.52466, 0, 0, 0, 0, 0
370,4.53091, 0, 0, 0, 0, 0
375,4.53698, 0, 0, 0, 0, 0
380,4.54287, 0, 0, 0, 0, 0
385,4.54859, 0, 0, 0, 0, 0
390,4.55412, 0, 0, 0, 0, 0
395,4.55948, 0, 0, 0, 0, 0
400,4.56466, 0, 0, 0, 0, 0
405,4.56967, 0, 0, 0, 0, 0
410,4.5745, 0, 0, 0, 0, 0
415,4.57916, 0, 0, 0, 0, 0
420,4.58365, 0, 0, 0, 0, 0
425,4.58797, 0, 0, 0, 0, 0
430,4.59213, 0, 0, 0, 0, 0
435,4.59613, 0, 0, 0, 0, 0
440,4.59997, 0, 0, 0, 0, 0
445,4.60366, 0, 0, 0, 0, 0
450,4.60721, 0, 0, 0, 0, 0
455,4.61061, 0, 0, 0, 0, 0
460,4.61387, 0, 0, 0, 0, 0
465,4.61699, 0, 0, 0, 0, 0
470,4.61999, 0, 0, 0, 0, 0
475,4.62285, 0, 0, 0, 0, 0
480,4.6256, 0, 0, 0, 0, 0
485,4.62822, 0, 0, 0, 0, 0
490,4.63073, 0, 0, 0, 0, 0
495,4.63314, 0, 0, 0, 0, 0
500,4.63543, 0, 0, 0, 0, 0
505,4.63763, 0, 0, 0, 0, 0
510,4.63972, 0, 0, 0, 0, 0
515,4.64172, 0, 0, 0, 0, 0
520,4.64363, 0, 0, 0, 0, 0
525,4.64546, 0, 0, 0, 0, 0
530,4.6472, 0, 0, 0, 0, 0
535,4.64886, 0, 0, 0, 0, 0
540,4.65045, 0, 0, 0, 0, 0
545,4.65196, 0, 0, 0, 0, 0
550,4.6534, 0, 0, 0, 0, 0
555,4.65478, 0, 0, 0, 0, 0
560,4.65609, 0, 0, 0, 0, 0
565,4.65734, 0, 0, 0, 0, 0
570,4.65853, 0, 0, 0, 0, 0
575,4.65966, 0, 0, 0, 0, 0
580,4.66074, 0, 0, 0, 0, 0
585,4.66177, 0, 0, 0, 0, 0
590,4.66275, 0, 0, 0, 0, 0
595,4.66369, 0, 0, 0, 0, 0
600,4.66457, 0, 0, 0, 0, 0
605,4.66542, 0, 0, 0, 0, 0
610,4.66623, 0, 0, 0, 0, 0
615,4.66699, 0, 0, 0, 0, 0
620,4.66772, 0, 0, 0, 0, 0
625,4.66842, 0, 0, 0, 0, 0
630,4.66908, 0, 0, 0, 0, 0
635,4.66971, 0, 0, 0, 0, 0
640,4.67031, 0, 0, 0, 0, 0
645,4.67088, 0, 0, 0, 0, 0
650,4.67142, 0, 0, 0, 0, 0
655,4.67193, 0, 0, 0, 0, 0
660,4.67242, 0, 0, 0, 0, 0
665,4.67289, 0, 0, 0, 0, 0
670,4.67333, 0, 0, 0, 0, 0
675,4.67375, 0, 0, 0, 0, 0
680,4.67415, 0, 0, 0, 0, 0
685,4.67453, 0, 0, 0, 0, 0
690,4.6749, 0, 0, 0, 0, 0
695,4.67524, 0, 0, 0, 0, 0
700,4.67557, 0, 0, 0, 0, 0
705,4.67588, 0, 0, 0, 0, 0
710,4.67617, 0, 0, 0, 0, 0
715,4.67645, 0, 0, 0, 0, 0
720,4.67671, 0, 0, 0, 0, 0
725,4.67697, 0, 0, 0, 0, 0
730,4.67721, 0, 0, 0, 0, 0
735,4.67743, 0, 0, 0, 0, 0
740,4.67765, 0, 0, 0, 0, 0
745,4.67785, 0, 0, 0, 0, 0
750,4.67805, 0, 0, 0, 0, 0
755,4.67823, 0, 0, 0, 0, 0
760,4.67841, 0, 0, 0, 0, 0
765,4.67857, 0, 0, 0, 0, 0
770,4.67873, 0, 0, 0, 0, 0
775,4.67888, 0, 0, 0, 0, 0
780,4.67902, 0, 0, 0, 0, 0
785,4.67915, 0, 0, 0, 0, 0
790,4.67928, 0, 0, 0, 0, 0
795,4.6794, 0, 0, 0, 0, 0
800,4.67951, 0, 0, 0, 0, 0
805,4.67962, 0, 0, 0, 0, 0
810,4.67972, 0, 0, 0, 0, 0
815,4.67981, 0, 0, 0, 0, 0
820,4.67991, 0, 0, 0, 0, 0
825,4.67999, 0, 0, 0, 0, 0
830,4.68007, 0, 0, 0, 0, 0
835,4.68015, 0, 0, 0, 0, 0
840,4.68022, 0, 0, 0, 0, 0
845,4.68029, 0, 0, 0, 0, 0
850,4.68035, 0, 0, 0, 0, 0
855,4.68041, 0, 0, 0, 0, 0
860,4.68047, 0, 0, 0, 0, 0
865,4.68052, 0, 0, 0, 0, 0
870,4.68057, 0, 0, 0, 0, 0
875,4.68062, 0, 0, 0, 0, 0
880,4.68066, 0, 0, 0, 0, 0
885,4.6807, 0, 0, 0, 0, 0
890,4.68074, 0, 0, 0, 0, 0
895,4.68078, 0, 0, 0, 0, 0
900,4.68081, 0, 0, 0, 0, 0
905,4.68084, 0, 0, 0, 0, 0
910,4.68087, 0, 0, 0, 0, 0
915,4.6809, 0, 0, 0, 0, 0
920,4.68093, 0, 0, 0, 0, 0
925,4.68095, 0, 0, 0, 0, 0
930,4.68097, 0, 0, 0, 0, 0
935,4.68099, 0, 0, 0, 0, 0
940,4.68101, 0, 0, 0, 0, 0
945,4.68103, 0, 0, 0, 0, 0
950,4.68104, 0, 0, 0, 0, 0
955,4.68106, 0, 0, 0, 0, 0
960,4.68107, 0, 0, 0, 0, 0
965,4.68108, 0, 0, 0, 0, 0
970,4.68109, 0, 0, 0, 0, 0
975,4.6811, 0, 0, 0, 0, 0
980,4.68111, 0, 0, 0, 0, 0
985,4.68111, 0, 0, 0, 0, 0
990,4.68112, 0, 0, 0, 0, 0
995,4.68113, 0, 0, 0, 0, 0
1000,4.68113, 0, 0, 0, 0, 0
1005,4.68113, 0, 0, 0, 0, 0
1010,4.68114, 0, 0, 0, 0, 0
1015,4.68114, 0, 0, 0, 0, 0
1020,4.68114, 0, 0, 0, 0, 0
1025,4.68114, 0, 0, 0, 0, 0
1030,4.68114, 0, 0, 0, 0, 0
1035,4.68114, 0, 0, 0, 0, 0
1040,4.68114, 0, 0, 0, 0, 0
1045,4.68114, 0, 0, 0, 0, 0
1050,4.68113, 0, 0, 0, 0, 0
1055,4.68113, 0, 0, 0, 0, 0
1060,4.68113, 0, 0, 0, 0, 0
1065,4.68112, 0, 0, 0, 0, 0
1070,4.68112, 0, 0, 0, 0, 0
1075,4.68112, 0, 0, 0, 0, 0
1080,4.68111, 0, 0, 0, 0, 0
1085,4.6811, 0, 0, 0, 0, 0
1090,4.6811, 0, 0, 0, 0, 0
1095,4.68109, 0, 0, 0, 0, 0
1100,4.68109, 0, 0, 0, 0, 0
1105,4.68108, 0, 0, 0, 0, 0
1110,4.68107, 0, 0, 0, 0, 0
1115,4.68106, 0, 0, 0, 0, 0
1120,4.68106, 0, 0, 0, 0, 0
1125,4.68105, 0, 0, 0, 0, 0
1130,4.68104, 0, 0, 0, 0, 0
1135,4.68103, 0, 0, 0, 0, 0
1140,4.68102, 0, 0, 0, 0, 0
1145,4.68102, 0, 0, 0, 0, 0
1150,4.68101, 0, 0, 0, 0, 0
1155,4.681, 0, 0, 0, 0, 0
1160,4.68099, 0, 0, 0, 0, 0
1165,4.68098, 0, 0, 0, 0, 0
1170,4.68097, 0, 0, 0, 0, 0
1175,4.68096, 0, 0, 0, 0, 0
1180,4.68095, 0, 0, 0, 0, 0
1185,4.68094, 0, 0, 0, 0, 0
1190,4.68093, 0, 0, 0, 0, 0
1195,4.68092, 0, 0, 0, 0, 0
1200,4.68091, 0, 0, 0, 0, 0
1205,4.6809, 0, 0, 0, 0, 0
1210,4.68089, 0, 0, 0, 0, 0
1215,4.68087, 0, 0, 0, 0, 0
1220,4.68086, 0, 0, 0, 0, 0
1225,4.68085, 0, 0, 0, 0, 0
1230,4.68084, 0, 0, 0, 0, 0
1235,4.68083, 0, 0, 0, 0, 0
1240,4.68082, 0, 0, 0, 0, 0
1245,4.68081, 0, 0, 0, 0, 0
1250,4.6808, 0, 0, 0, 0, 0
1255,4.68078, 0, 0, 0, 0, 0
1260,4.68077, 0, 0, 0, 0, 0
1265,4.68076, 0, 0, 0, 0, 0
1270,4.68075, 0, 0, 0, 0, 0
1275,4.68074, 0, 0, 0, 0, 0
1280,4.68073, 0, 0, 0, 0, 0
1285,4.68071, 0, 0, 0, 0, 0
1290,4.6807, 0, 0, 0, 0, 0
1295,4.68069, 0, 0, 0, 0, 0
1300,4.68068, 0, 0, 0, 0, 0
1305,4.68067, 0, 0, 0, 0, 0
1310,4.68065, 0, 0, 0, 0, 0
1315,4.68064, 0, 0, 0, 0, 0
1320,4.68063, 0, 0, 0, 0, 0
1325,4.68062, 0, 0, 0, 0, 0
1330,4.68061, 0, 0, 0, 0, 0
1335,4.68059, 0, 0, 0, 0, 0
1340,4.68058, 0, 0, 0, 0, 0
1345,4.68057, 0, 0, 0, 0, 0
1350,4.68056, 0, 0, 0, 0, 0
1355,4.68054, 0, 0, 0, 0, 0
1360,4.68053, 0, 0, 0, 0, 0
1365,4.68052, 0, 0, 0, 0, 0
1370,4.68051, 0, 0, 0, 0, 0
1375,4.68049, 0, 0, 0, 0, 0
1380,4.68048, 0, 0, 0, 0, 0
1385,4.68047, 0, 0, 0, 0, 0
1390,4.68046, 0, 0, 0, 0, 0
1395,4.68044, 0, 0, 0, 0, 0
1400,4.68043, 0, 0, 0, 0, 0
1405,4.68042, 0, 0, 0, 0, 0
1410,4.68041, 0, 0, 0, 0, 0
1415,4.68039, 0, 0, 0, 0, 0
1420,4.68038, 0, 0, 0, 0, 0
1425,4.68037, 0, 0, 0, 0, 0
1430,4.68036, 0, 0, 0, 0, 0
1435,4.68034, 0, 0, 0, 0, 0
1440,4.68033, 0, 0, 0, 0, 0
1445,4.68032, 0, 0, 0, 0, 0
1450,4.68031, 0, 0, 0, 0, 0
1455,4.68029, 0, 0, 0, 0, 0
1460,4.68028, 0, 0, 0, 0, 0
1465,4.68027, 0, 0, 0, 0, 0
1470,4.68025, 0, 0, 0, 0, 0
1475,4.68024, 0, 0, 0, 0, 0
1480,4.68023, 0, 0, 0, 0, 0
1485,4.68022, 0, 0, 0, 0, 0
1490,4.6802, 0, 0, 0, 0, 0
1495,4.68019, 0, 0, 0, 0, 0
1500,4.68018, 0, 0, 0, 0, 0
1505,4.68017, 0, 0, 0, 0, 0
1510,4.68015, 0, 0, 0, 0, 0
1515,4.68014, 0, 0, 0, 0, 0
1520,4.68013, 0, 0, 0, 0, 0
1525,4.68011, 0, 0, 0, 0, 0
1530,4.6801, 0, 0, 0, 0, 0
1535,4.68009, 0, 0, 0, 0, 0
1540,4.68008, 0, 0, 0, 0, 0
1545,4.68006, 0, 0, 0, 0, 0
1550,4.68005, 0, 0, 0, 0, 0
1555,4.68004, 0, 0, 0, 0, 0
1560,4.68002, 0, 0, 0, 0, 0
1565,4.68001, 0, 0, 0, 0, 0
1570,4.68, 0, 0, 0, 0, 0
1575,4.67999, 0, 0, 0, 0, 0
1580,4.67997, 0, 0, 0, 0, 0
1585,4.67996, 0, 0, 0, 0, 0
1590,4.67995, 0, 0, 0, 0, 0
1595,4.67994, 0, 0, 0, 0, 0
1600,4.67992, 0, 0, 0, 0, 0
1605,4.67991, 0, 0, 0, 0, 0
1610,4.6799, 0, 0, 0, 0, 0
1615,4.67988, 0, 0, 0, 0, 0
1620,4.67987, 0, 0, 0, 0, 0
1625,4.67986, 0, 0, 0, 0, 0
1630,4.67985, 0, 0, 0, 0, 0
1635,4.67983, 0, 0, 0, 0, 0
1640,4.67982, 0, 0, 0, 0, 0
1645,4.67981, 0, 0, 0, 0, 0
1650,4.67979, 0, 0, 0, 0, 0
1655,4.67978, 0, 0, 0, 0, 0
1660,4.67977, 0, 0, 0, 0, 0
1665,4.67976, 0, 0, 0, 0, 0
1670,4.67974, 0, 0, 0, 0, 0
1675,4.67973, 0, 0, 0, 0, 0
1680,4.67972, 0, 0, 0, 0, 0
1685,4.6797, 0, 0, 0, 0, 0
1690,4.67969, 0, 0, 0, 0, 0
1695,4.67968, 0, 0, 0, 0, 0
1700,4.67967, 0, 0, 0, 0, 0
1705,4.67965, 0, 0, 0, 0, 0
1710,4.67964, 0, 0, 0, 0, 0
1715,4.67963, 0, 0, 0, 0, 0
1720,4.67961, 0, 0, 0, 0, 0
1725,4.6796, 0, 0, 0, 0, 0
1730,4.67959, 0, 0, 0, 0, 0
1735,4.67958, 0, 0, 0, 0, 0
1740,4.67956, 0, 0, 0, 0, 0
1745,4.67955, 0, 0, 0, 0, 0
1750,4.67954, 0, 0, 0, 0, 0
1755,4.67952, 0, 0, 0, 0, 0
1760,4.67951, 0, 0, 0, 0, 0
1765,4.6795, 0, 0, 0, 0, 0
1770,4.67949, 0, 0, 0, 0, 0
1775,4.67947, 0, 0, 0, 0, 0
1780,4.67946, 0, 0, 0, 0, 0
1785,4.67945, 0, 0, 0, 0, 0
1790,4.67944, 0, 0, 0, 0, 0
1795,4.67942, 0, 0, 0, 0, 0
1800,4.67941, 0, 0, 0, 0, 0
1805,4.6794, 0, 0, 0, 0, 0
1810,4.67938, 0, 0, 0, 0, 0
1815,4.67937, 0, 0, 0, 0, 0
1820,4.67936, 0, 0, 0, 0, 0
1825,4.67935, 0, 0, 0, 0, 0
1830,4.67933, 0, 0, 0, 0, 0
1835,4.67932, 0, 0, 0, 0, 0
1840,4.67931, 0, 0, 0, 0, 0
1845,4.67929, 0, 0, 0, 0, 0
1850,4.67928, 0, 0, 0, 0, 0
1855,4.67927, 0, 0, 0, 0, 0
1860,4.67926, 0, 0, 0, 0, 0
1865,4.67924, 0, 0, 0, 0, 0
1870,4.67923, 0, 0, 0, 0, 0
1875,4.67922, 0, 0, 0, 0, 0
1880,4.6792, 0, 0, 0, 0, 0
1885,4.67919, 0, 0, 0, 0, 0
1890,4.67918, 0, 0, 0, 0, 0
1895,4.67917, 0, 0, 0, 0, 0
1900,4.67915, 0, 0, 0, 0, 0
1905,4.67914, 0, 0, 0, 0, 0
1910,4.67913, 0, 0, 0, 0, 0
1915,4.67911, 0, 0, 0, 0, 0
1920,4.6791, 0, 0, 0, 0, 0
1925,4.67909, 0, 0, 0, 0, 0
1930,4.67908, 0, 0, 0, 0, 0
1935,4.67906, 0, 0, 0, 0, 0
1940,4.67905, 0, 0, 0, 0, 0
1945,4.67904, 0, 0, 0, 0, 0
1950,4.67902, 0, 0, 0, 0, 0
1955,4.67901, 0, 0, 0, 0, 0
1960,4.679, 0, 0, 0, 0, 0
1965,4.67899, 0, 0, 0, 0, 0
1970,4.67897, 0, 0, 0, 0, 0
1975,4.67896, 0, 0, 0, 0, 0
1980,4.67895, 0, 0, 0, 0, 0
1985,4.67894, 0, 0, 0, 0, 0
1990,4.67892, 0, 0, 0, 0, 0
1995,4.67891, 0, 0, 0, 0, 0
2000,4.6789, 0, 0, 0, 0, 0
2005,4.67888, 0, 0, 0, 0, 0
2010,4.67887, 0, 0, 0, 0, 0
2015,4.67886, 0, 0, 0, 0, 0
2020,4.67885, 0, 0, 0, 0, 0
2025,4.67883, 0, 0, 0, 0, 0
2030,4.67882, 0, 0, 0, 0, 0
2035,4.67881, 0, 0, 0, 0, 0
2040,4.67879, 0, 0, 0, 0, 0
2045,4.67878, 0, 0, 0, 0, 0
2050,4.67877, 0, 0, 0, 0, 0
2055,4.67876, 0, 0, 0, 0, 0
2060,4.67874, 0, 0, 0, 0, 0
2065,4.67873, 0, 0, 0, 0, 0
2070,4.67872, 0, 0, 0, 0, 0
2075,4.6787, 0, 0, 0, 0, 0
2080,4.67869, 0, 0, 0, 0, 0
2085,4.67868, 0, 0, 0, 0, 0
2090,4.67867, 0, 0, 0, 0, 0
2095,4.67865, 0, 0, 0, 0, 0
2100,4.67864, 0, 0, 0, 0, 0
2105,4.67863, 0, 0, 0, 0, 0
2110,4.67861, 0, 0, 0, 0, 0
2115,4.6786, 0, 0, 0, 0, 0
2120,4.67859, 0, 0, 0, 0, 0
2125,4.67858, 0, 0, 0, 0, 0
2130,4.67856, 0, 0, 0, 0, 0
2135,4.67855, 0, 0, 0, 0, 0
2140,4.67854, 0, 0, 0, 0, 0
2145,4.67853, 0, 0, 0, 0, 0
2150,4.67851, 0, 0, 0, 0, 0
2155,4.6785, 0, 0, 0, 0, 0
2160,4.67849, 0, 0, 0, 0, 0
2165,4.67847, 0, 0, 0, 0, 0
2170,4.67846, 0, 0, 0, 0, 0
2175,4.67845, 0, 0, 0, 0, 0
2180,4.67844, 0, 0, 0, 0, 0
2185,4.67842, 0, 0, 0, 0, 0
2190,4.67841, 0, 0, 0, 0, 0
2195,4.6784, 0, 0, 0, 0, 0
2200,4.67838, 0, 0, 0, 0, 0
2205,4.67837, 0, 0, 0, 0, 0
2210,4.67836, 0, 0, 0, 0, 0
2215,4.67835, 0, 0, 0, 0, 0
2220,4.67833, 0, 0, 0, 0, 0
2225,4.67832, 0, 0, 0, 0, 0
2230,4.67831, 0, 0, 0, 0, 0
2235,4.67829, 0, 0, 0, 0, 0
2240,4.67828, 0, 0, 0, 0, 0
2245,4.67827, 0, 0, 0, 0, 0
2250,4.67826, 0, 0, 0, 0, 0
2255,4.67824, 0, 0, 0, 0, 0
2260,4.67823, 0, 0, 0, 0, 0
2265,4.67822, 0, 0, 0, 0, 0
2270,4.67821, 0, 0, 0, 0, 0
2275,4.67819, 0, 0, 0, 0, 0
2280,4.67818, 0, 0, 0, 0, 0
2285,4.67817, 0, 0, 0, 0, 0
2290,4.67815, 0, 0, 0, 0, 0
2295,4.67814, 0, 0, 0, 0, 0
2300,4.67813, 0, 0, 0, 0, 0
2305,4.67812, 0, 0, 0, 0, 0
2310,4.6781, 0, 0, 0, 0, 0
2315,4.67809, 0, 0, 0, 0, 0
2320,4.67808, 0, 0, 0, 0, 0
2325,4.67806, 0, 0, 0, 0, 0
2330,4.67805, 0, 0, 0, 0, 0
2335,4.67804, 0, 0, 0, 0, 0
2340,4.67803, 0, 0, 0, 0, 0
2345,4.67801, 0, 0, 0, 0, 0
2350,4.678, 0, 0, 0, 0, 0
2355,4.67799, 0, 0, 0, 0, 0
2360,4.67798, 0, 0, 0, 0, 0
2365,4.67796, 0, 0, 0, 0, 0
2370,4.67795, 0, 0, 0, 0, 0
2375,4.67794, 0, 0, 0, 0, 0
2380,4.67792, 0, 0, 0, 0, 0
2385,4.67791, 0, 0, 0, 0, 0
2390,4.6779, 0, 0, 0, 0, 0
2395,4.67789, 0, 0, 0, 0, 0
2400,4.67787, 0, 0, 0, 0, 0
2405,4.67786, 0, 0, 0, 0, 0
2410,4.67785, 0, 0, 0, 0, 0
2415,4.67783, 0, 0, 0, 0, 0
2420,4.67782, 0, 0, 0, 0, 0
2425,4.67781, 0, 0, 0, 0, 0
2430,4.6778, 0, 0, 0, 0, 0
2435,4.67778, 0, 0, 0, 0, 0
2440,4.67777, 0, 0, 0, 0, 0
2445,4.67776, 0, 0, 0, 0, 0
2450,4.67775, 0, 0, 0, 0, 0
2455,4.67773, 0, 0, 0, 0, 0
2460,4.67772, 0, 0, 0, 0, 0
2465,4.67771, 0, 0, 0, 0, 0
2470,4.67769, 0, 0, 0, 0, 0
2475,4.67768, 0, 0, 0, 0, 0
2480,4.67767, 0, 0, 0, 0, 0
2485,4.67766, 0, 0, 0, 0, 0
2490,4.67764, 0, 0, 0, 0, 0
2495,4.67763, 0, 0, 0, 0, 0
2500,4.67762, 0, 0, 0, 0, 0
2505,4.6776, 0, 0, 0, 0, 0
2510,4.67759, 0, 0, 0, 0, 0
2515,4.67758, 0, 0, 0, 0, 0
2520,4.67757, 0, 0, 0, 0, 0
2525,4.67755, 0, 0, 0, 0, 0
2530,4.67754, 0, 0, 0, 0, 0
2535,4.67753, 0, 0, 0, 0, 0
2540,4.67752, 0, 0, 0, 0, 0
2545,4.6775, 0, 0, 0, 0, 0
2550,4.67749, 0, 0, 0, 0, 0
2555,4.67748, 0, 0, 0, 0, 0
2560,4.67746, 0, 0, 0, 0, 0
2565,4.67745, 0, 0, 0, 0, 0
2570,4.67744, 0, 0, 0, 0, 0
2575,4.67743, 0, 0, 0, 0, 0
2580,4.67741, 0, 0, 0, 0, 0
2585,4.6774, 0, 0, 0, 0, 0
2590,4.67739, 0, 0, 0, 0, 0
2595,4.67738, 0, 0, 0, 0, 0
2600,4.67736, 0, 0, 0, 0, 0
2605,4.67735, 0, 0, 0, 0, 0
2610,4.67734, 0, 0, 0, 0, 0
2615,4.67732, 0, 0, 0, 0, 0
2620,4.67731, 0, 0, 0, 0, 0
2625,4.6773, 0, 0, 0, 0, 0
2630,4.67729, 0, 0, 0, 0, 0
2635,4.67727, 0, 0, 0, 0, 0
2640,4.67726, 0, 0, 0, 0, 0
2645,4.67725, 0, 0, 0, 0, 0
2650,4.67723, 0, 0, 0, 0, 0
2655,4.67722, 0, 0, 0, 0, 0
2660,4.67721, 0, 0, 0, 0, 0
2665,4.6772, 0, 0, 0, 0, 0
2670,4.67718, 0, 0, 0, 0, 0
2675,4.67717, 0, 0, 0, 0, 0
2680,4.67716, 0, 0, 0, 0, 0
2685,4.67715, 0, 0, 0, 0, 0
2690,4.67713, 0, 0, 0, 0, 0
2695,4.67712, 0, 0, 0, 0, 0
2700,4.67711, 0, 0, 0, 0, 0
2705,4.67709, 0, 0, 0, 0, 0
2710,4.67708, 0, 0, 0, 0, 0
2715,4.67707, 0, 0, 0, 0, 0
2720,4.67706, 0, 0, 0, 0, 0
2725,4.67704, 0, 0, 0, 0, 0
2730,4.67703, 0, 0, 0, 0, 0
2735,4.67702, 0, 0, 0, 0, 0
2740,4.67701, 0, 0, 0, 0, 0
2745,4.67699, 0, 0, 0, 0, 0
2750,4.67698, 0, 0, 0, 0, 0
2755,4.67697, 0, 0, 0, 0, 0
2760,4.67695, 0, 0, 0, 0, 0
2765,4.67694, 0, 0, 0, 0, 0
2770,4.67693, 0, 0, 0, 0, 0
2775,4.67692, 0, 0, 0, 0, 0
2780,4.6769, 0, 0, 0, 0, 0
2785,4.67689, 0, 0, 0, 0, 0
2790,4.67688, 0, 0, 0, 0, 0
2795,4.67687, 0, 0, 0, 0, 0
2800,4.67685, 0, 0, 0, 0, 0
2805,4.67684, 0, 0, 0, 0, 0
2810,4.67683, 0, 0, 0, 0, 0
2815,4.67681, 0, 0, 0, 0, 0
2820,4.6768, 0, 0, 0, 0, 0
2825,4.67679, 0, 0, 0, 0, 0
2830,4.67678, 0, 0, 0, 0, 0
2835,4.67676, 0, 0, 0, 0, 0
2840,4.67675, 0, 0, 0, 0, 0
2845,4.67674, 0, 0, 0, 0, 0
2850,4.67673, 0, 0, 0, 0, 0
2855,4.67671, 0, 0, 0, 0, 0
2860,4.6767, 0, 0, 0, 0, 0
2865,4.67669, 0, 0, 0, 0, 0
2870,4.67667, 0, 0, 0, 0, 0
2875,4.67666, 0, 0, 0, 0, 0
2880,4.67665, 0, 0, 0, 0, 0
2885,4.67664, 0, 0, 0, 0, 0
2890,4.67662, 0, 0, 0, 0, 0
2895,4.67661, 0, 0, 0, 0, 0
2900,4.6766, 0, 0, 0, 0, 0
2905,4.67659, 0, 0, 0, 0, 0
2910,4.67657, 0, 0, 0, 0, 0
2915,4.67656, 0, 0, 0, 0, 0
2920,4.67655, 0, 0, 0, 0, 0
2925,4.67653, 0, 0, 0, 0, 0
2930,4.67652, 0, 0, 0, 0, 0
2935,4.67651, 0, 0, 0, 0, 0
2940,4.6765, 0, 0, 0, 0, 0
2945,4.67648, 0, 0, 0, 0, 0
2950,4.67647, 0, 0, 0, 0, 0
2955,4.67646, 0, 0, 0, 0, 0
2960,4.67645, 0, 0, 0, 0, 0
2965,4.67643, 0, 0, 0, 0, 0
2970,4.67642, 0, 0, 0, 0, 0
2975,4.67641, 0, 0, 0, 0, 0
2980,4.67639, 0, 0, 0, 0, 0
2985,4.67638, 0, 0, 0, 0, 0
2990,4.67637, 0, 0, 0, 0, 0
2995,4.67636, 0, 0, 0, 0, 0
3000,4.67634, 0, 0, 0, 0, 0
3005,4.67633, 0, 0, 0, 0, 0
3010,4.67632, 0, 0, 0, 0, 0
3015,4.67631, 0, 0, 0, 0, 0
3020,4.67629, 0, 0, 0, 0, 0
3025,4.67628, 0, 0, 0, 0, 0
3030,4.67627, 0, 0, 0, 0, 0
3035,4.67625, 0, 0, 0, 0, 0
3040,4.67624, 0, 0, 0, 0, 0
3045,4.67623, 0, 0, 0, 0, 0
3050,4.67622, 0, 0, 0, 0, 0
3055,4.6762, 0, 0, 0, 0, 0
3060,4.67619, 0, 0, 0, 0, 0
3065,4.67618, 0, 0, 0, 0, 0
3070,4.67617, 0, 0, 0, 0, 0
3075,4.67615, 0, 0, 0, 0, 0
3080,4.67614, 0, 0, 0, 0, 0
3085,4.67613, 0, 0, 0, 0, 0
3090,4.67611, 0, 0, 0, 0, 0
3095,4.6761, 0, 0, 0, 0, 0
3100,4.67609, 0, 0, 0, 0, 0
3105,4.67608, 0, 0, 0, 0, 0
3110,4.67606, 0, 0, 0, 0, 0
3115,4.67605, 0, 0, 0, 0, 0
3120,4.67604, 0, 0, 0, 0, 0
3125,4.67603, 0, 0, 0, 0, 0
3130,4.67601, 0, 0, 0, 0, 0
3135,4.676, 0, 0, 0, 0, 0
3140,4.67599, 0, 0, 0, 0, 0
3145,4.67598, 0, 0, 0, 0, 0
3150,4.67596, 0, 0, 0, 0, 0
3155,4.67595, 0, 0, 0, 0, 0
3160,4.67594, 0, 0, 0, 0, 0
3165,4.67592, 0, 0, 0, 0, 0
3170,4.67591, 0, 0, 0, 0, 0
3175,4.6759, 0, 0, 0, 0, 0
3180,4.67589, 0, 0, 0, 0, 0
3185,4.67587, 0, 0, 0, 0, 0
3190,4.67586, 0, 0, 0, 0, 0
3195,4.67585, 0, 0, 0, 0, 0
3200,4.67584, 0, 0, 0, 0, 0
3205,4.67582, 0, 0, 0, 0, 0
3210,4.67581, 0, 0, 0, 0, 0
3215,4.6758, 0, 0, 0, 0, 0
3220,4.67578, 0, 0, 0, 0, 0
3225,4.67577, 0, 0, 0, 0, 0
3230,4.67576, 0, 0, 0, 0, 0
3235,4.67575, 0, 0, 0, 0, 0
3240,4.67573, 0, 0, 0, 0, 0
3245,4.67572, 0, 0, 0, 0, 0
3250,4.67571, 0, 0, 0, 0, 0
3255,4.6757, 0, 0, 0, 0, 0
3260,4.67568, 0, 0, 0, 0, 0
3265,4.67567, 0, 0, 0, 0, 0
3270,4.67566, 0, 0, 0, 0, 0
3275,4.67564, 0, 0, 0, 0, 0
3280,4.67563, 0, 0, 0, 0, 0
3285,4.67562, 0, 0, 0, 0, 0
3290,4.67561, 0, 0, 0, 0, 0
3295,4.67559, 0, 0, 0, 0, 0
3300,4.67558, 0, 0, 0, 0, 0
3305,4.67557, 0, 0, 0, 0, 0
3310,4.67556, 0, 0, 0, 0, 0
3315,4.67554, 0, 0, 0, 0, 0
3320,4.67553, 0, 0, 0, 0, 0
3325,4.67552, 0, 0, 0, 0, 0
3330,4.67551, 0, 0, 0, 0, 0
3335,4.67549, 0, 0, 0, 0, 0
3340,4.67548, 0, 0, 0, 0, 0
3345,4.67547, 0, 0, 0, 0, 0
3350,4.67545, 0, 0, 0, 0, 0
3355,4.67544, 0, 0, 0, 0, 0
3360,4.67543, 0, 0, 0, 0, 0
3365,4.67542, 0, 0, 0, 0, 0
3370,4.6754, 0, 0, 0, 0, 0
3375,4.67539, 0, 0, 0, 0, 0
3380,4.67538, 0, 0, 0, 0, 0
3385,4.67537, 0, 0, 0, 0, 0
3390,4.67535, 0, 0, 0, 0, 0
3395,4.67534, 0, 0, 0, 0, 0
3400,4.67533, 0, 0, 0, 0, 0
3405,4.67532, 0, 0, 0, 0, 0
3410,4.6753, 0, 0, 0, 0, 0
3415,4.67529, 0, 0, 0, 0, 0
3420,4.67528, 0, 0, 0, 0, 0
3425,4.67526, 0, 0, 0, 0, 0
3430,4.67525, 0, 0, 0, 0, 0
3435,4.67524, 0, 0, 0, 0, 0
3440,4.67523, 0, 0, 0, 0, 0
3445,4.67521, 0, 0, 0, 0, 0
3450,4.6752, 0, 0, 0, 0, 0
3455,4.67519, 0, 0, 0, 0, 0
3460,4.67518, 0, 0, 0, 0, 0
3465,4.67516, 0, 0, 0, 0, 0
3470,4.67515, 0, 0, 0, 0, 0
3475,4.67514, 0, 0, 0, 0, 0
3480,4.67513, 0, 0, 0, 0, 0
3485,4.67511, 0, 0, 0, 0, 0
3490,4.6751, 0, 0, 0, 0, 0
3495,4.67509, 0, 0, 0, 0, 0
3500,4.67507, 0, 0, 0, 0, 0
3505,4.67506, 0, 0, 0, 0, 0
3510,4.67505, 0, 0, 0, 0, 0
3515,4.67504, 0, 0, 0, 0, 0
3520,4.67502, 0, 0, 0, 0, 0
3525,4.67501, 0, 0, 0, 0, 0
3530,4.675, 0, 0, 0, 0, 0
3535,4.67499, 0, 0, 0, 0, 0
3540,4.67497, 0, 0, 0, 0, 0
3545,4.67496, 0, 0, 0, 0, 0
3550,4.67495, 0, 0, 0, 0, 0
3555,4.67494, 0, 0, 0, 0, 0
3560,4.67492, 0, 0, 0, 0, 0
3565,4.67491, 0, 0, 0, 0, 0
3570,4.6749, 0, 0, 0, 0, 0
3575,4.67488, 0, 0, 0, 0, 0
3580,4.67487, 0, 0, 0, 0, 0
3585,4.67486, 0, 0, 0, 0, 0
3590,4.67485, 0, 0, 0, 0, 0
3595,4.67483, 0, 0, 0, 0, 0
3600,4.67482, 0, 0, 0, 0, 0
3605,4.67481, 0, 0, 0, 0, 0
3610,4.6748, 0, 0, 0, 0, 0
3615,4.67478, 0, 0, 0, 0, 0
3620,4.67477, 0, 0, 0, 0, 0
3625,4.67476, 0, 0, 0, 0, 0
3630,4.67475, 0, 0, 0, 0, 0
3635,4.67473, 0, 0, 0, 0, 0
3640,4.67472, 0, 0, 0, 0, 0
3645,4.67471, 0, 0, 0, 0, 0
3650,4.67469, 0, 0, 0, 0, 0
3655,4.67468, 0, 0, 0, 0, 0
3660,4.67467, 0, 0, 0, 0, 0
3665,4.67466, 0, 0, 0, 0, 0
3670,4.67464, 0, 0, 0, 0, 0
3675,4.67463, 0, 0, 0, 0, 0
3680,4.67462, 0, 0, 0, 0, 0
3685,4.67461, 0, 0, 0, 0, 0
3690,4.67459, 0, 0, 0, 0, 0
3695,4.67458, 0, 0, 0, 0, 0
3700,4.67457, 0, 0, 0, 0, 0
3705,4.67456, 0, 0, 0, 0, 0
3710,4.67454, 0, 0, 0, 0, 0
3715,4.67453, 0, 0, 0, 0, 0
3720,4.67452, 0, 0, 0, 0, 0
3725,4.6745, 0, 0, 0, 0, 0
3730,4.67449, 0, 0, 0, 0, 0
3735,4.67448, 0, 0, 0, 0, 0
3740,4.67447, 0, 0, 0, 0, 0
3745,4.67445, 0, 0, 0, 0, 0
3750,4.67444, 0, 0, 0, 0, 0
3755,4.67443, 0, 0, 0, 0, 0
3760,4.67442, 0, 0, 0, 0, 0
3765,4.6744, 0, 0, 0, 0, 0
3770,4.67439, 0, 0, 0, 0, 0
3775,4.67438, 0, 0, 0, 0, 0
3780,4.67437, 0, 0, 0, 0, 0
3785,4.67435, 0, 0, 0, 0, 0
3790,4.67434, 0, 0, 0, 0, 0
3795,4.67433, 0, 0, 0, 0, 0
3800,4.67432, 0, 0, 0, 0, 0
3805,4.6743, 0, 0, 0, 0, 0
3810,4.67429, 0, 0, 0, 0, 0
3815,4.67428, 0, 0, 0, 0, 0
3820,4.67426, 0, 0, 0, 0, 0
3825,4.67425, 0, 0, 0, 0, 0
3830,4.67424, 0, 0, 0, 0, 0
3835,4.67423, 0, 0, 0, 0, 0
3840,4.67421, 0, 0, 0, 0, 0
3845,4.6742, 0, 0, 0, 0, 0
3850,4.67419, 0, 0, 0, 0, 0
3855,4.67418, 0, 0, 0, 0, 0
3860,4.67416, 0, 0, 0, 0, 0
3865,4.67415, 0, 0, 0, 0, 0
3870,4.67414, 0, 0, 0, 0, 0
3875,4.67413, 0, 0, 0, 0, 0
3880,4.67411, 0, 0, 0, 0, 0
3885,4.6741, 0, 0, 0, 0, 0
3890,4.67409, 0, 0, 0, 0, 0
3895,4.67408, 0, 0, 0, 0, 0
3900,4.67406, 0, 0, 0, 0, 0
3905,4.67405, 0, 0, 0, 0, 0
3910,4.67404, 0, 0, 0, 0, 0
3915,4.67402, 0, 0, 0, 0, 0
3920,4.67401, 0, 0, 0, 0, 0
3925,4.674, 0, 0, 0, 0, 0
3930,4.67399, 0, 0, 0, 0, 0
3935,4.67397, 0, 0, 0, 0, 0
3940,4.67396, 0, 0, 0, 0, 0
3945,4.67395, 0, 0, 0, 0, 0
3950,4.67394, 0, 0, 0, 0, 0
3955,4.67392, 0, 0, 0, 0, 0
3960,4.67391, 0, 0, 0, 0, 0
3965,4.6739, 0, 0, 0, 0, 0
3970,4.67389, 0, 0, 0, 0, 0
3975,4.67387, 0, 0, 0, 0, 0
3980,4.67386, 0, 0, 0, 0, 0
3985,4.67385, 0, 0, 0, 0, 0
3990,4.67384, 0, 0, 0, 0, 0
3995,4.67382, 0, 0, 0, 0, 0
4000,4.67381, 0, 0, 0, 0, 0
4005,4.6738, 0, 0, 0, 0, 0
4010,4.67378, 0, 0, 0, 0, 0
