time,thrust,att.x,att.y,att.z,attq.w,attq.x,attq.y,attq.z
5,0,0,0,0,1,0,0,0
10,0,0,0,1.5708,0.707107,0,0,0.707107
15,0,0,0,1.5708,0.707107,0,0,0.707107
20,0,0,0,1.5708,0.707107,0,0,0.707107
25,0,0,0,1.5708,0.707107,0,0,0.707107
30,0,0,0,1.5708,0.707107,0,0,0.707107
35,0,0,0,1.5708,0.707107,0,0,0.707107
40,0,0,0,1.5708,0.707107,0,0,0.707107
45,0,0,0,1.5708,0.707107,0,0,0.707107
50,0,0,0,1.5708,0.707107,0,0,0.707107
55,0,0,0,1.5708,0.707107,0,0,0.707107
60,0,0,0,1.5708,0.707107,0,0,0.707107
65,0,0,0,1.5708,0.707107,0,0,0.707107
70,0,0,0,1.5708,0.707107,0,0,0.707107
75,0,0,0,1.5708,0.707107,0,0,0.707107
80,0,0,0,1.5708,0.707107,0,0,0.707107
85,0,0,0,1.5708,0.707107,0,0,0.707107
90,0,0,0,1.5708,0.707107,0,0,0.707107
95,0,0,0,1.5708,0.707107,0,0,0.707107
100,0,0,0,1.5708,0.707107,0,0,0.707107
105,0,0,0,1.5708,0.707107,0,0,0.707107
110,0,0,0,1.5708,0.707107,0,0,0.707107
115,0,0,0,1.5708,0.707107,0,0,0.707107
120,0,0,0,1.5708,0.707107,0,0,0.707107
125,0,0,0,1.5708,0.707107,0,0,0.707107
130,0,0,0,1.5708,0.707107,0,0,0.707107
135,0,0,0,1.5708,0.707107,0,0,0.707107
140,0,0,0,1.5708,0.707107,0,0,0.707107
145,0,0,0,1.5708,0.707107,0,0,0.707107
150,0,0,0,1.5708,0.707107,0,0,0.707107
155,0,0,0,1.5708,0.707107,0,0,0.707107
160,0,0,0,1.5708,0.707107,0,0,0.707107
165,0,0,0,1.5708,0.707107,0,0,0.707107
170,0,0,0,1.5708,0.707107,0,0,0.707107
175,0,0,0,1.5708,0.707107,0,0,0.707107
180,0,0,0,1.5708,0.707107,0,0,0.707107
185,0,0,0,1.5708,0.707107,0,0,0.707107
190,0,0,0,1.5708,0.707107,0,0,0.707107
195,0,0,0,1.5708,0.707107,0,0,0.707107
200,0,0,0,1.5708,0.707107,0,0,0.707107
205,0,0,0,1.5708,0.707107,0,0,0.707107
210,0,0,0,1.5708,0.707107,0,0,0.707107
215,0,0,0,1.5708,0.707107,0,0,0.707107
220,0,0,0,1.5708,0.707107,0,0,0.707107
225,0,0,0,1.5708,0.707107,0,0,0.707107
230,0,0,0,1.5708,0.707107,0,0,0.707107
235,0,0,0,1.5708,0.707107,0,0,0.707107
240,0,0,0,1.5708,0.707107,0,0,0.707107
245,0,0,0,1.5708,0.707107,0,0,0.707107
250,0,0,0,1.5708,0.707107,0,0,0.707107
255,0,0,0,1.5708,0.707107,0,0,0.707107
260,0,0,0,1.5708,0.707107,0,0,0.707107
265,0,0,0,1.5708,0.707107,0,0,0.707107
270,0,0,0,1.5708,0.707107,0,0,0.707107
275,0,0,0,1.5708,0.707107,0,0,0.707107
280,0,0,0,1.5708,0.707107,0,0,0.707107
285,0,0,0,1.5708,0.707107,0,0,0.707107
290,0,0,0,1.5708,0.707107,0,0,0.707107
295,0,0,0,1.5708,0.707107,0,0,0.707107
300,0,0,0,1.5708,0.707107,0,0,0.707107
305,0,0,0,1.5708,0.707107,0,0,0.707107
310,0,0,0,1.5708,0.707107,0,0,0.707107
315,0,0,0,1.5708,0.707107,0,0,0.707107
320,0,0,0,1.5708,0.707107,0,0,0.707107
325,0,0,0,1.5708,0.707107,0,0,0.707107
330,0,0,0,1.5708,0.707107,0,0,0.707107
335,0,0,0,1.5708,0.707107,0,0,0.707107
340,0,0,0,1.5708,0.707107,0,0,0.707107
345,0,0,0,1.5708,0.707107,0,0,0.707107
350,0,0,0,1.5708,0.707107,0,0,0.707107
355,0,0,0,1.5708,0.707107,0,0,0.707107
360,0,0,0,1.5708,0.707107,0,0,0.707107
365,0,0,0,1.5708,0.707107,0,0,0.707107
370,0,0,0,1.5708,0.707107,0,0,0.707107
375,0,0,0,1.5708,0.707107,0,0,0.707107
380,0,0,0,1.5708,0.707107,0,0,0.707107
385,0,0,0,1.5708,0.707107,0,0,0.707107
390,0,0,0,1.5708,0.707107,0,0,0.707107
395,0,0,0,1.5708,0.707107,0,0,0.707107
400,0,0,0,1.5708,0.707107,0,0,0.707107
405,0,0,0,1.5708,0.707107,0,0,0.707107
410,0,0,0,1.5708,0.707107,0,0,0.707107
415,0,0,0,1.5708,0.707107,0,0,0.707107
420,0,0,0,1.5708,0.707107,0,0,0.707107
425,0,0,0,1.5708,0.707107,0,0,0.707107
430,0,0,0,1.5708,0.707107,0,0,0.707107
435,0,0,0,1.5708,0.707107,0,0,0.707107
440,0,0,0,1.5708,0.707107,0,0,0.707107
445,0,0,0,1.5708,0.707107,0,0,0.707107
450,0,0,0,1.5708,0.707107,0,0,0.707107
455,0,0,0,1.5708,0.707107,0,0,0.707107
460,0,0,0,1.5708,0.707107,0,0,0.707107
465,0,0,0,1.5708,0.707107,0,0,0.707107
470,0,0,0,1.5708,0.707107,0,0,0.707107
475,0,0,0,1.5708,0.707107,0,0,0.707107
480,0,0,0,1.5708,0.707107,0,0,0.707107
485,0,0,0,1.5708,0.707107,0,0,0.707107
490,0,0,0,1.5708,0.707107,0,0,0.707107
495,0,0,0,1.5708,0.707107,0,0,0.707107
500,0,0,0,1.5708,0.707107,0,0,0.707107
505,0,0,0,1.5708,0.707107,0,0,0.707107
510,0,0,0,1.5708,0.707107,0,0,0.707107
515,0,0,0,1.5708,0.707107,0,0,0.707107
520,0,0,0,1.5708,0.707107,0,0,0.707107
525,0,0,0,1.5708,0.707107,0,0,0.707107
530,0,0,0,1.5708,0.707107,0,0,0.707107
535,0,0,0,1.5708,0.707107,0,0,0.707107
540,0,0,0,1.5708,0.707107,0,0,0.707107
545,0,0,0,1.5708,0.707107,0,0,0.707107
550,0,0,0,1.5708,0.707107,0,0,0.707107
555,0,0,0,1.5708,0.707107,0,0,0.707107
560,0,0,0,1.5708,0.707107,0,0,0.707107
565,0,0,0,1.5708,0.707107,0,0,0.707107
570,0,0,0,1.5708,0.707107,0,0,0.707107
575,0,0,0,1.5708,0.707107,0,0,0.707107
580,0,0,0,1.5708,0.707107,0,0,0.707107
585,0,0,0,1.5708,0.707107,0,0,0.707107
590,0,0,0,1.5708,0.707107,0,0,0.707107
595,0,0,0,1.5708,0.707107,0,0,0.707107
600,0,0,0,1.5708,0.707107,0,0,0.707107
605,0,0,0,1.5708,0.707107,0,0,0.707107
610,0,0,0,1.5708,0.707107,0,0,0.707107
615,0,0,0,1.5708,0.707107,0,0,0.707107
620,0,0,0,1.5708,0.707107,0,0,0.707107
625,0,0,0,1.5708,0.707107,0,0,0.707107
630,0,0,0,1.5708,0.707107,0,0,0.707107
635,0,0,0,1.5708,0.707107,0,0,0.707107
640,0,0,0,1.5708,0.707107,0,0,0.707107
645,0,0,0,1.5708,0.707107,0,0,0.707107
650,0,0,0,1.5708,0.707107,0,0,0.707107
655,0,0,0,1.5708,0.707107,0,0,0.707107
660,0,0,0,1.5708,0.707107,0,0,0.707107
665,0,0,0,1.5708,0.707107,0,0,0.707107
670,0,0,0,1.5708,0.707107,0,0,0.707107
675,0,0,0,1.5708,0.707107,0,0,0.707107
680,0,0,0,1.5708,0.707107,0,0,0.707107
685,0,0,0,1.5708,0.707107,0,0,0.707107
690,0,0,0,1.5708,0.707107,0,0,0.707107
695,0,0,0,1.5708,0.707107,0,0,0.707107
700,0,0,0,1.5708,0.707107,0,0,0.707107
705,0,0,0,1.5708,0.707107,0,0,0.707107
710,0,0,0,1.5708,0.707107,0,0,0.707107
715,0,0,0,1.5708,0.707107,0,0,0.707107
720,0,0,0,1.5708,0.707107,0,0,0.707107
725,0,0,0,1.5708,0.707107,0,0,0.707107
730,0,0,0,1.5708,0.707107,0,0,0.707107
735,0,0,0,1.5708,0.707107,0,0,0.707107
740,0,0,0,1.5708,0.707107,0,0,0.707107
745,0,0,0,1.5708,0.707107,0,0,0.707107
750,0,0,0,1.5708,0.707107,0,0,0.707107
755,0,0,0,1.5708,0.707107,0,0,0.707107
760,0,0,0,1.5708,0.707107,0,0,0.707107
765,0,0,0,1.5708,0.707107,0,0,0.707107
770,0,0,0,1.5708,0.707107,0,0,0.707107
775,0,0,0,1.5708,0.707107,0,0,0.707107
780,0,0,0,1.5708,0.707107,0,0,0.707107
785,0,0,0,1.5708,0.707107,0,0,0.707107
790,0,0,0,1.5708,0.707107,0,0,0.707107
795,0,0,0,1.5708,0.707107,0,0,0.707107
800,0,0,0,1.5708,0.707107,0,0,0.707107
805,0,0,0,1.5708,0.707107,0,0,0.707107
810,0,0,0,1.5708,0.707107,0,0,0.707107
815,0,0,0,1.5708,0.707107,0,0,0.707107
820,0,0,0,1.5708,0.707107,0,0,0.707107
825,0,0,0,1.5708,0.707107,0,0,0.707107
830,0,0,0,1.5708,0.707107,0,0,0.707107
835,0,0,0,1.5708,0.707107,0,0,0.707107
840,0,0,0,1.5708,0.707107,0,0,0.707107
845,0,0,0,1.5708,0.707107,0,0,0.707107
850,0,0,0,1.5708,0.707107,0,0,0.707107
855,0,0,0,1.5708,0.707107,0,0,0.707107
860,0,0,0,1.5708,0.707107,0,0,0.707107
865,0,0,0,1.5708,0.707107,0,0,0.707107
870,0,0,0,1.5708,0.707107,0,0,0.707107
875,0,0,0,1.5708,0.707107,0,0,0.707107
880,0,0,0,1.5708,0.707107,0,0,0.707107
885,0,0,0,1.5708,0.707107,0,0,0.707107
890,0,0,0,1.5708,0.707107,0,0,0.707107
895,0,0,0,1.5708,0.707107,0,0,0.707107
900,0,0,0,1.5708,0.707107,0,0,0.707107
905,0,0,0,1.5708,0.707107,0,0,0.707107
910,0,0,0,1.5708,0.707107,0,0,0.707107
915,0,0,0,1.5708,0.707107,0,0,0.707107
920,0,0,0,1.5708,0.707107,0,0,0.707107
925,0,0,0,1.5708,0.707107,0,0,0.707107
930,0,0,0,1.5708,0.707107,0,0,0.707107
935,0,0,0,1.5708,0.707107,0,0,0.707107
940,0,0,0,1.5708,0.707107,0,0,0.707107
945,0,0,0,1.5708,0.707107,0,0,0.707107
950,0,0,0,1.5708,0.707107,0,0,0.707107
955,0,0,0,1.5708,0.707107,0,0,0.707107
960,0,0,0,1.5708,0.707107,0,0,0.707107
965,0,0,0,1.5708,0.707107,0,0,0.707107
970,0,0,0,1.5708,0.707107,0,0,0.707107
975,0,0,0,1.5708,0.707107,0,0,0.707107
980,0,0,0,1.5708,0.707107,0,0,0.707107
985,0,0,0,1.5708,0.707107,0,0,0.707107
990,0,0,0,1.5708,0.707107,0,0,0.707107
995,0,0,0,1.5708,0.707107,0,0,0.707107
1000,0,0,0,1.5708,0.707107,0,0,0.707107
1005,0,0,0,1.5708,0.707107,0,0,0.707107
1010,0,0,0,1.5708,0.707107,0,0,0.707107
1015,0,0,0,1.5708,0.707107,0,0,0.707107
1020,0,0,0,1.5708,0.707107,0,0,0.707107
1025,0,0,0,1.5708,0.707107,0,0,0.707107
1030,0,0,0,1.5708,0.707107,0,0,0.707107
1035,0,0,0,1.5708,0.707107,0,0,0.707107
1040,0,0,0,1.5708,0.707107,0,0,0.707107
1045,0,0,0,1.5708,0.707107,0,0,0.707107
1050,0,0,0,1.5708,0.707107,0,0,0.707107
1055,0,0,0,1.5708,0.707107,0,0,0.707107
1060,0,0,0,1.5708,0.707107,0,0,0.707107
1065,0,0,0,1.5708,0.707107,0,0,0.707107
1070,0,0,0,1.5708,0.707107,0,0,0.707107
1075,0,0,0,1.5708,0.707107,0,0,0.707107
1080,0,0,0,1.5708,0.707107,0,0,0.707107
1085,0,0,0,1.5708,0.707107,0,0,0.707107
1090,0,0,0,1.5708,0.707107,0,0,0.707107
1095,0,0,0,1.5708,0.707107,0,0,0.707107
1100,0,0,0,1.5708,0.707107,0,0,0.707107
1105,0,0,0,1.5708,0.707107,0,0,0.707107
1110,0,0,0,1.5708,0.707107,0,0,0.707107
1115,0,0,0,1.5708,0.707107,0,0,0.707107
1120,0,0,0,1.5708,0.707107,0,0,0.707107
1125,0,0,0,1.5708,0.707107,0,0,0.707107
1130,0,0,0,1.5708,0.707107,0,0,0.707107
1135,0,0,0,1.5708,0.707107,0,0,0.707107
1140,0,0,0,1.5708,0.707107,0,0,0.707107
1145,0,0,0,1.5708,0.707107,0,0,0.707107
1150,0,0,0,1.5708,0.707107,0,0,0.707107
1155,0,0,0,1.5708,0.707107,0,0,0.707107
1160,0,0,0,1.5708,0.707107,0,0,0.707107
1165,0,0,0,1.5708,0.707107,0,0,0.707107
1170,0,0,0,1.5708,0.707107,0,0,0.707107
1175,0,0,0,1.5708,0.707107,0,0,0.707107
1180,0,0,0,1.5708,0.707107,0,0,0.707107
1185,0,0,0,1.5708,0.707107,0,0,0.707107
1190,0,0,0,1.5708,0.707107,0,0,0.707107
1195,0,0,0,1.5708,0.707107,0,0,0.707107
1200,0,0,0,1.5708,0.707107,0,0,0.707107
1205,0,0,0,1.5708,0.707107,0,0,0.707107
1210,0,0,0,1.5708,0.707107,0,0,0.707107
1215,0,0,0,1.5708,0.707107,0,0,0.707107
1220,0,0,0,1.5708,0.707107,0,0,0.707107
1225,0,0,0,1.5708,0.707107,0,0,0.707107
1230,0,0,0,1.5708,0.707107,0,0,0.707107
1235,0,0,0,1.5708,0.707107,0,0,0.707107
1240,0,0,0,1.5708,0.707107,0,0,0.707107
1245,0,0,0,1.5708,0.707107,0,0,0.707107
1250,0,0,0,1.5708,0.707107,0,0,0.707107
1255,0,0,0,1.5708,0.707107,0,0,0.707107
1260,0,0,0,1.5708,0.707107,0,0,0.707107
1265,0,0,0,1.5708,0.707107,0,0,0.707107
1270,0,0,0,1.5708,0.707107,0,0,0.707107
1275,0,0,0,1.5708,0.707107,0,0,0.707107
1280,0,0,0,1.5708,0.707107,0,0,0.707107
1285,0,0,0,1.5708,0.707107,0,0,0.707107
1290,0,0,0,1.5708,0.707107,0,0,0.707107
1295,0,0,0,1.5708,0.707107,0,0,0.707107
1300,0,0,0,1.5708,0.707107,0,0,0.707107
1305,0,0,0,1.5708,0.707107,0,0,0.707107
1310,0,0,0,1.5708,0.707107,0,0,0.707107
1315,0,0,0,1.5708,0.707107,0,0,0.707107
1320,0,0,0,1.5708,0.707107,0,0,0.707107
1325,0,0,0,1.5708,0.707107,0,0,0.707107
1330,0,0,0,1.5708,0.707107,0,0,0.707107
1335,0,0,0,1.5708,0.707107,0,0,0.707107
1340,0,0,0,1.5708,0.707107,0,0,0.707107
1345,0,0,0,1.5708,0.707107,0,0,0.707107
1350,0,0,0,1.5708,0.707107,0,0,0.707107
1355,0,0,0,1.5708,0.707107,0,0,0.707107
1360,0,0,0,1.5708,0.707107,0,0,0.707107
1365,0,0,0,1.5708,0.707107,0,0,0.707107
1370,0,0,0,1.5708,0.707107,0,0,0.707107
1375,0,0,0,1.5708,0.707107,0,0,0.707107
1380,0,0,0,1.5708,0.707107,0,0,0.707107
1385,0,0,0,1.5708,0.707107,0,0,0.707107
1390,0,0,0,1.5708,0.707107,0,0,0.707107
1395,0,0,0,1.5708,0.707107,0,0,0.707107
1400,0,0,0,1.5708,0.707107,0,0,0.707107
1405,0,0,0,1.5708,0.707107,0,0,0.707107
1410,0,0,0,1.5708,0.707107,0,0,0.707107
1415,0,0,0,1.5708,0.707107,0,0,0.707107
1420,0,0,0,1.5708,0.707107,0,0,0.707107
1425,0,0,0,1.5708,0.707107,0,0,0.707107
1430,0,0,0,1.5708,0.707107,0,0,0.707107
1435,0,0,0,1.5708,0.707107,0,0,0.707107
1440,0,0,0,1.5708,0.707107,0,0,0.707107
1445,0,0,0,1.5708,0.707107,0,0,0.707107
1450,0,0,0,1.5708,0.707107,0,0,0.707107
1455,0,0,0,1.5708,0.707107,0,0,0.707107
1460,0,0,0,1.5708,0.707107,0,0,0.707107
1465,0,0,0,1.5708,0.707107,0,0,0.707107
1470,0,0,0,1.5708,0.707107,0,0,0.707107
1475,0,0,0,1.5708,0.707107,0,0,0.707107
1480,0,0,0,1.5708,0.707107,0,0,0.707107
1485,0,0,0,1.5708,0.707107,0,0,0.707107
1490,0,0,0,1.5708,0.707107,0,0,0.707107
1495,0,0,0,1.5708,0.707107,0,0,0.707107
1500,0,0,0,1.5708,0.707107,0,0,0.707107
1505,0,0,0,1.5708,0.707107,0,0,0.707107
1510,0,0,0,1.5708,0.707107,0,0,0.707107
1515,0,0,0,1.5708,0.707107,0,0,0.707107
1520,0,0,0,1.5708,0.707107,0,0,0.707107
1525,0,0,0,1.5708,0.707107,0,0,0.707107
1530,0,0,0,1.5708,0.707107,0,0,0.707107
1535,0,0,0,1.5708,0.707107,0,0,0.707107
1540,0,0,0,1.5708,0.707107,0,0,0.707107
1545,0,0,0,1.5708,0.707107,0,0,0.707107
1550,0,0,0,1.5708,0.707107,0,0,0.707107
1555,0,0,0,1.5708,0.707107,0,0,0.707107
1560,0,0,0,1.5708,0.707107,0,0,0.707107
1565,0,0,0,1.5708,0.707107,0,0,0.707107
1570,0,0,0,1.5708,0.707107,0,0,0.707107
1575,0,0,0,1.5708,0.707107,0,0,0.707107
1580,0,0,0,1.5708,0.707107,0,0,0.707107
1585,0,0,0,1.5708,0.707107,0,0,0.707107
1590,0,0,0,1.5708,0.707107,0,0,0.707107
1595,0,0,0,1.5708,0.707107,0,0,0.707107
1600,0,0,0,1.5708,0.707107,0,0,0.707107
1605,0,0,0,1.5708,0.707107,0,0,0.707107
1610,0,0,0,1.5708,0.707107,0,0,0.707107
1615,0,0,0,1.5708,0.707107,0,0,0.707107
1620,0,0,0,1.5708,0.707107,0,0,0.707107
1625,0,0,0,1.5708,0.707107,0,0,0.707107
1630,0,0,0,1.5708,0.707107,0,0,0.707107
1635,0,0,0,1.5708,0.707107,0,0,0.707107
1640,0,0,0,1.5708,0.707107,0,0,0.707107
1645,0,0,0,1.5708,0.707107,0,0,0.707107
1650,0,0,0,1.5708,0.707107,0,0,0.707107
1655,0,0,0,1.5708,0.707107,0,0,0.707107
1660,0,0,0,1.5708,0.707107,0,0,0.707107
1665,0,0,0,1.5708,0.707107,0,0,0.707107
1670,0,0,0,1.5708,0.707107,0,0,0.707107
1675,0,0,0,1.5708,0.707107,0,0,0.707107
1680,0,0,0,1.5708,0.707107,0,0,0.707107
1685,0,0,0,1.5708,0.707107,0,0,0.707107
1690,0,0,0,1.5708,0.707107,0,0,0.707107
1695,0,0,0,1.5708,0.707107,0,0,0.707107
1700,0,0,0,1.5708,0.707107,0,0,0.707107
1705,0,0,0,1.5708,0.707107,0,0,0.707107
1710,0,0,0,1.5708,0.707107,0,0,0.707107
1715,0,0,0,1.5708,0.707107,0,0,0.707107
1720,0,0,0,1.5708,0.707107,0,0,0.707107
1725,0,0,0,1.5708,0.707107,0,0,0.707107
1730,0,0,0,1.5708,0.707107,0,0,0.707107
1735,0,0,0,1.5708,0.707107,0,0,0.707107
1740,0,0,0,1.5708,0.707107,0,0,0.707107
1745,0,0,0,1.5708,0.707107,0,0,0.707107
1750,0,0,0,1.5708,0.707107,0,0,0.707107
1755,0,0,0,1.5708,0.707107,0,0,0.707107
1760,0,0,0,1.5708,0.707107,0,0,0.707107
1765,0,0,0,1.5708,0.707107,0,0,0.707107
1770,0,0,0,1.5708,0.707107,0,0,0.707107
1775,0,0,0,1.5708,0.707107,0,0,0.707107
1780,0,0,0,1.5708,0.707107,0,0,0.707107
1785,0,0,0,1.5708,0.707107,0,0,0.707107
1790,0,0,0,1.5708,0.707107,0,0,0.707107
1795,0,0,0,1.5708,0.707107,0,0,0.707107
1800,0,0,0,1.5708,0.707107,0,0,0.707107
1805,0,0,0,1.5708,0.707107,0,0,0.707107
1810,0,0,0,1.5708,0.707107,0,0,0.707107
1815,0,0,0,1.5708,0.707107,0,0,0.707107
1820,0,0,0,1.5708,0.707107,0,0,0.707107
1825,0,0,0,1.5708,0.707107,0,0,0.707107
1830,0,0,0,1.5708,0.707107,0,0,0.707107
1835,0,0,0,1.5708,0.707107,0,0,0.707107
1840,0,0,0,1.5708,0.707107,0,0,0.707107
1845,0,0,0,1.5708,0.707107,0,0,0.707107
1850,0,0,0,1.5708,0.707107,0,0,0.707107
1855,0,0,0,1.5708,0.707107,0,0,0.707107
1860,0,0,0,1.5708,0.707107,0,0,0.707107
1865,0,0,0,1.5708,0.707107,0,0,0.707107
1870,0,0,0,1.5708,0.707107,0,0,0.707107
1875,0,0,0,1.5708,0.707107,0,0,0.707107
1880,0,0,0,1.5708,0.707107,0,0,0.707107
1885,0,0,0,1.5708,0.707107,0,0,0.707107
1890,0,0,0,1.5708,0.707107,0,0,0.707107
1895,0,0,0,1.5708,0.707107,0,0,0.707107
1900,0,0,0,1.5708,0.707107,0,0,0.707107
1905,0,0,0,1.5708,0.707107,0,0,0.707107
1910,0,0,0,1.5708,0.707107,0,0,0.707107
1915,0,0,0,1.5708,0.707107,0,0,0.707107
1920,0,0,0,1.5708,0.707107,0,0,0.707107
1925,0,0,0,1.5708,0.707107,0,0,0.707107
1930,0,0,0,1.5708,0.707107,0,0,0.707107
1935,0,0,0,1.5708,0.707107,0,0,0.707107
1940,0,0,0,1.5708,0.707107,0,0,0.707107
1945,0,0,0,1.5708,0.707107,0,0,0.707107
1950,0,0,0,1.5708,0.707107,0,0,0.707107
1955,0,0,0,1.5708,0.707107,0,0,0.707107
1960,0,0,0,1.5708,0.707107,0,0,0.707107
1965,0,0,0,1.5708,0.707107,0,0,0.707107
1970,0,0,0,1.5708,0.707107,0,0,0.707107
1975,0,0,0,1.5708,0.707107,0,0,0.707107
1980,0,0,0,1.5708,0.707107,0,0,0.707107
1985,0,0,0,1.5708,0.707107,0,0,0.707107
1990,0,0,0,1.5708,0.707107,0,0,0.707107
1995,0,0,0,1.5708,0.707107,0,0,0.707107
2000,0,0,0,1.5708,0.707107,0,0,0.707107
2005,0,0,0,1.5708,0.707107,0,0,0.707107
2010,0,0,0,1.5708,0.707107,0,0,0.707107
2015,0,0,0,1.5708,0.707107,0,0,0.707107
2020,0,0,0,1.5708,0.707107,0,0,0.707107
2025,0,0,0,1.5708,0.707107,0,0,0.707107
2030,0,0,0,1.5708,0.707107,0,0,0.707107
2035,0,0,0,1.5708,0.707107,0,0,0.707107
2040,0,0,0,1.5708,0.707107,0,0,0.707107
2045,0,0,0,1.5708,0.707107,0,0,0.707107
2050,0,0,0,1.5708,0.707107,0,0,0.707107
2055,0,0,0,1.5708,0.707107,0,0,0.707107
2060,0,0,0,1.5708,0.707107,0,0,0.707107
2065,0,0,0,1.5708,0.707107,0,0,0.707107
2070,0,0,0,1.5708,0.707107,0,0,0.707107
2075,0,0,0,1.5708,0.707107,0,0,0.707107
2080,0,0,0,1.5708,0.707107,0,0,0.707107
2085,0,0,0,1.5708,0.707107,0,0,0.707107
2090,0,0,0,1.5708,0.707107,0,0,0.707107
2095,0,0,0,1.5708,0.707107,0,0,0.707107
2100,0,0,0,1.5708,0.707107,0,0,0.707107
2105,0,0,0,1.5708,0.707107,0,0,0.707107
2110,0,0,0,1.5708,0.707107,0,0,0.707107
2115,0,0,0,1.5708,0.707107,0,0,0.707107
2120,0,0,0,1.5708,0.707107,0,0,0.707107
2125,0,0,0,1.5708,0.707107,0,0,0.707107
2130,0,0,0,1.5708,0.707107,0,0,0.707107
2135,0,0,0,1.5708,0.707107,0,0,0.707107
2140,0,0,0,1.5708,0.707107,0,0,0.707107
2145,0,0,0,1.5708,0.707107,0,0,0.707107
2150,0,0,0,1.5708,0.707107,0,0,0.707107
2155,0,0,0,1.5708,0.707107,0,0,0.707107
2160,0,0,0,1.5708,0.707107,0,0,0.707107
2165,0,0,0,1.5708,0.707107,0,0,0.707107
2170,0,0,0,1.5708,0.707107,0,0,0.707107
2175,0,0,0,1.5708,0.707107,0,0,0.707107
2180,0,0,0,1.5708,0.707107,0,0,0.707107
2185,0,0,0,1.5708,0.707107,0,0,0.707107
2190,0,0,0,1.5708,0.707107,0,0,0.707107
2195,0,0,0,1.5708,0.707107,0,0,0.707107
2200,0,0,0,1.5708,0.707107,0,0,0.707107
2205,0,0,0,1.5708,0.707107,0,0,0.707107
2210,0,0,0,1.5708,0.707107,0,0,0.707107
2215,0,0,0,1.5708,0.707107,0,0,0.707107
2220,0,0,0,1.5708,0.707107,0,0,0.707107
2225,0,0,0,1.5708,0.707107,0,0,0.707107
2230,0,0,0,1.5708,0.707107,0,0,0.707107
2235,0,0,0,1.5708,0.707107,0,0,0.707107
2240,0,0,0,1.5708,0.707107,0,0,0.707107
2245,0,0,0,1.5708,0.707107,0,0,0.707107
2250,0,0,0,1.5708,0.707107,0,0,0.707107
2255,0,0,0,1.5708,0.707107,0,0,0.707107
2260,0,0,0,1.5708,0.707107,0,0,0.707107
2265,0,0,0,1.5708,0.707107,0,0,0.707107
2270,0,0,0,1.5708,0.707107,0,0,0.707107
2275,0,0,0,1.5708,0.707107,0,0,0.707107
2280,0,0,0,1.5708,0.707107,0,0,0.707107
2285,0,0,0,1.5708,0.707107,0,0,0.707107
2290,0,0,0,1.5708,0.707107,0,0,0.707107
2295,0,0,0,1.5708,0.707107,0,0,0.707107
2300,0,0,0,1.5708,0.707107,0,0,0.707107
2305,0,0,0,1.5708,0.707107,0,0,0.707107
2310,0,0,0,1.5708,0.707107,0,0,0.707107
2315,0,0,0,1.5708,0.707107,0,0,0.707107
2320,0,0,0,1.5708,0.707107,0,0,0.707107
2325,0,0,0,1.5708,0.707107,0,0,0.707107
2330,0,0,0,1.5708,0.707107,0,0,0.707107
2335,0,0,0,1.5708,0.707107,0,0,0.707107
2340,0,0,0,1.5708,0.707107,0,0,0.707107
2345,0,0,0,1.5708,0.707107,0,0,0.707107
2350,0,0,0,1.5708,0.707107,0,0,0.707107
2355,0,0,0,1.5708,0.707107,0,0,0.707107
2360,0,0,0,1.5708,0.707107,0,0,0.707107
2365,0,0,0,1.5708,0.707107,0,0,0.707107
2370,0,0,0,1.5708,0.707107,0,0,0.707107
2375,0,0,0,1.5708,0.707107,0,0,0.707107
2380,0,0,0,1.5708,0.707107,0,0,0.707107
2385,0,0,0,1.5708,0.707107,0,0,0.707107
2390,0,0,0,1.5708,0.707107,0,0,0.707107
2395,0,0,0,1.5708,0.707107,0,0,0.707107
2400,0,0,0,1.5708,0.707107,0,0,0.707107
2405,0,0,0,1.5708,0.707107,0,0,0.707107
2410,0,0,0,1.5708,0.707107,0,0,0.707107
2415,0,0,0,1.5708,0.707107,0,0,0.707107
2420,0,0,0,1.5708,0.707107,0,0,0.707107
2425,0,0,0,1.5708,0.707107,0,0,0.707107
2430,0,0,0,1.5708,0.707107,0,0,0.707107
2435,0,0,0,1.5708,0.707107,0,0,0.707107
2440,0,0,0,1.5708,0.707107,0,0,0.707107
2445,0,0,0,1.5708,0.707107,0,0,0.707107
2450,0,0,0,1.5708,0.707107,0,0,0.707107
2455,0,0,0,1.5708,0.707107,0,0,0.707107
2460,0,0,0,1.5708,0.707107,0,0,0.707107
2465,0,0,0,1.5708,0.707107,0,0,0.707107
2470,0,0,0,1.5708,0.707107,0,0,0.707107
2475,0,0,0,1.5708,0.707107,0,0,0.707107
2480,0,0,0,1.5708,0.707107,0,0,0.707107
2485,0,0,0,1.5708,0.707107,0,0,0.707107
2490,0,0,0,1.5708,0.707107,0,0,0.707107
2495,0,0,0,1.5708,0.707107,0,0,0.707107
2500,0,0,0,1.5708,0.707107,0,0,0.707107
2505,0,0,0,1.5708,0.707107,0,0,0.707107
2510,0,0,0,1.5708,0.707107,0,0,0.707107
2515,0,0,0,1.5708,0.707107,0,0,0.707107
2520,0,0,0,1.5708,0.707107,0,0,0.707107
2525,0,0,0,1.5708,0.707107,0,0,0.707107
2530,0,0,0,1.5708,0.707107,0,0,0.707107
2535,0,0,0,1.5708,0.707107,0,0,0.707107
2540,0,0,0,1.5708,0.707107,0,0,0.707107
2545,0,0,0,1.5708,0.707107,0,0,0.707107
2550,0,0,0,1.5708,0.707107,0,0,0.707107
2555,0,0,0,1.5708,0.707107,0,0,0.707107
2560,0,0,0,1.5708,0.707107,0,0,0.707107
2565,0,0,0,1.5708,0.707107,0,0,0.707107
2570,0,0,0,1.5708,0.707107,0,0,0.707107
2575,0,0,0,1.5708,0.707107,0,0,0.707107
2580,0,0,0,1.5708,0.707107,0,0,0.707107
2585,0,0,0,1.5708,0.707107,0,0,0.707107
2590,0,0,0,1.5708,0.707107,0,0,0.707107
2595,0,0,0,1.5708,0.707107,0,0,0.707107
2600,0,0,0,1.5708,0.707107,0,0,0.707107
2605,0,0,0,1.5708,0.707107,0,0,0.707107
2610,0,0,0,1.5708,0.707107,0,0,0.707107
2615,0,0,0,1.5708,0.707107,0,0,0.707107
2620,0,0,0,1.5708,0.707107,0,0,0.707107
2625,0,0,0,1.5708,0.707107,0,0,0.707107
2630,0,0,0,1.5708,0.707107,0,0,0.707107
2635,0,0,0,1.5708,0.707107,0,0,0.707107
2640,0,0,0,1.5708,0.707107,0,0,0.707107
2645,0,0,0,1.5708,0.707107,0,0,0.707107
2650,0,0,0,1.5708,0.707107,0,0,0.707107
2655,0,0,0,1.5708,0.707107,0,0,0.707107
2660,0,0,0,1.5708,0.707107,0,0,0.707107
2665,0,0,0,1.5708,0.707107,0,0,0.707107
2670,0,0,0,1.5708,0.707107,0,0,0.707107
2675,0,0,0,1.5708,0.707107,0,0,0.707107
2680,0,0,0,1.5708,0.707107,0,0,0.707107
2685,0,0,0,1.5708,0.707107,0,0,0.707107
2690,0,0,0,1.5708,0.707107,0,0,0.707107
2695,0,0,0,1.5708,0.707107,0,0,0.707107
2700,0,0,0,1.5708,0.707107,0,0,0.707107
2705,0,0,0,1.5708,0.707107,0,0,0.707107
2710,0,0,0,1.5708,0.707107,0,0,0.707107
2715,0,0,0,1.5708,0.707107,0,0,0.707107
2720,0,0,0,1.5708,0.707107,0,0,0.707107
2725,0,0,0,1.5708,0.707107,0,0,0.707107
2730,0,0,0,1.5708,0.707107,0,0,0.707107
2735,0,0,0,1.5708,0.707107,0,0,0.707107
2740,0,0,0,1.5708,0.707107,0,0,0.707107
2745,0,0,0,1.5708,0.707107,0,0,0.707107
2750,0,0,0,1.5708,0.707107,0,0,0.707107
2755,0,0,0,1.5708,0.707107,0,0,0.707107
2760,0,0,0,1.5708,0.707107,0,0,0.707107
2765,0,0,0,1.5708,0.707107,0,0,0.707107
2770,0,0,0,1.5708,0.707107,0,0,0.707107
2775,0,0,0,1.5708,0.707107,0,0,0.707107
2780,0,0,0,1.5708,0.707107,0,0,0.707107
2785,0,0,0,1.5708,0.707107,0,0,0.707107
2790,0,0,0,1.5708,0.707107,0,0,0.707107
2795,0,0,0,1.5708,0.707107,0,0,0.707107
2800,0,0,0,1.5708,0.707107,0,0,0.707107
2805,0,0,0,1.5708,0.707107,0,0,0.707107
2810,0,0,0,1.5708,0.707107,0,0,0.707107
2815,0,0,0,1.5708,0.707107,0,0,0.707107
2820,0,0,0,1.5708,0.707107,0,0,0.707107
2825,0,0,0,1.5708,0.707107,0,0,0.707107
2830,0,0,0,1.5708,0.707107,0,0,0.707107
2835,0,0,0,1.5708,0.707107,0,0,0.707107
2840,0,0,0,1.5708,0.707107,0,0,0.707107
2845,0,0,0,1.5708,0.707107,0,0,0.707107
2850,0,0,0,1.5708,0.707107,0,0,0.707107
2855,0,0,0,1.5708,0.707107,0,0,0.707107
2860,0,0,0,1.5708,0.707107,0,0,0.707107
2865,0,0,0,1.5708,0.707107,0,0,0.707107
2870,0,0,0,1.5708,0.707107,0,0,0.707107
2875,0,0,0,1.5708,0.707107,0,0,0.707107
2880,0,0,0,1.5708,0.707107,0,0,0.707107
2885,0,0,0,1.5708,0.707107,0,0,0.707107
2890,0,0,0,1.5708,0.707107,0,0,0.707107
2895,0,0,0,1.5708,0.707107,0,0,0.707107
2900,0,0,0,1.5708,0.707107,0,0,0.707107
2905,0,0,0,1.5708,0.707107,0,0,0.707107
2910,0,0,0,1.5708,0.707107,0,0,0.707107
2915,0,0,0,1.5708,0.707107,0,0,0.707107
2920,0,0,0,1.5708,0.707107,0,0,0.707107
2925,0,0,0,1.5708,0.707107,0,0,0.707107
2930,0,0,0,1.5708,0.707107,0,0,0.707107
2935,0,0,0,1.5708,0.707107,0,0,0.707107
2940,0,0,0,1.5708,0.707107,0,0,0.707107
2945,0,0,0,1.5708,0.707107,0,0,0.707107
2950,0,0,0,1.5708,0.707107,0,0,0.707107
2955,0,0,0,1.5708,0.707107,0,0,0.707107
2960,0,0,0,1.5708,0.707107,0,0,0.707107
2965,0,0,0,1.5708,0.707107,0,0,0.707107
2970,0,0,0,1.5708,0.707107,0,0,0.707107
2975,0,0,0,1.5708,0.707107,0,0,0.707107
2980,0,0,0,1.5708,0.707107,0,0,0.707107
2985,0,0,0,1.5708,0.707107,0,0,0.707107
2990,0,0,0,1.5708,0.707107,0,0,0.707107
2995,0,0,0,1.5708,0.707107,0,0,0.707107
3000,0,0,0,1.5708,0.707107,0,0,0.707107
3005,0,0,0,1.5708,0.707107,0,0,0.707107
3010,0,0,0,1.5708,0.707107,0,0,0.707107
3015,0,0,0,1.5708,0.707107,0,0,0.707107
3020,0,0,0,1.5708,0.707107,0,0,0.707107
3025,0,0,0,1.5708,0.707107,0,0,0.707107
3030,0,0,0,1.5708,0.707107,0,0,0.707107
3035,0,0,0,1.5708,0.707107,0,0,0.707107
3040,0,0,0,1.5708,0.707107,0,0,0.707107
3045,0,0,0,1.5708,0.707107,0,0,0.707107
3050,0,0,0,1.5708,0.707107,0,0,0.707107
3055,0,0,0,1.5708,0.707107,0,0,0.707107
3060,0,0,0,1.5708,0.707107,0,0,0.707107
3065,0,0,0,1.5708,0.707107,0,0,0.707107
3070,0,0,0,1.5708,0.707107,0,0,0.707107
3075,0,0,0,1.5708,0.707107,0,0,0.707107
3080,0,0,0,1.5708,0.707107,0,0,0.707107
3085,0,0,0,1.5708,0.707107,0,0,0.707107
3090,0,0,0,1.5708,0.707107,0,0,0.707107
3095,0,0,0,1.5708,0.707107,0,0,0.707107
3100,0,0,0,1.5708,0.707107,0,0,0.707107
3105,0,0,0,1.5708,0.707107,0,0,0.707107
3110,0,0,0,1.5708,0.707107,0,0,0.707107
3115,0,0,0,1.5708,0.707107,0,0,0.707107
3120,0,0,0,1.5708,0.707107,0,0,0.707107
3125,0,0,0,1.5708,0.707107,0,0,0.707107
3130,0,0,0,1.5708,0.707107,0,0,0.707107
3135,0,0,0,1.5708,0.707107,0,0,0.707107
3140,0,0,0,1.5708,0.707107,0,0,0.707107
3145,0,0,0,1.5708,0.707107,0,0,0.707107
3150,0,0,0,1.5708,0.707107,0,0,0.707107
3155,0,0,0,1.5708,0.707107,0,0,0.707107
3160,0,0,0,1.5708,0.707107,0,0,0.707107
3165,0,0,0,1.5708,0.707107,0,0,0.707107
3170,0,0,0,1.5708,0.707107,0,0,0.707107
3175,0,0,0,1.5708,0.707107,0,0,0.707107
3180,0,0,0,1.5708,0.707107,0,0,0.707107
3185,0,0,0,1.5708,0.707107,0,0,0.707107
3190,0,0,0,1.5708,0.707107,0,0,0.707107
3195,0,0,0,1.5708,0.707107,0,0,0.707107
3200,0,0,0,1.5708,0.707107,0,0,0.707107
3205,0,0,0,1.5708,0.707107,0,0,0.707107
3210,0,0,0,1.5708,0.707107,0,0,0.707107
3215,0,0,0,1.5708,0.707107,0,0,0.707107
3220,0,0,0,1.5708,0.707107,0,0,0.707107
3225,0,0,0,1.5708,0.707107,0,0,0.707107
3230,0,0,0,1.5708,0.707107,0,0,0.707107
3235,0,0,0,1.5708,0.707107,0,0,0.707107
3240,0,0,0,1.5708,0.707107,0,0,0.707107
3245,0,0,0,1.5708,0.707107,0,0,0.707107
3250,0,0,0,1.5708,0.707107,0,0,0.707107
3255,0,0,0,1.5708,0.707107,0,0,0.707107
3260,0,0,0,1.5708,0.707107,0,0,0.707107
3265,0,0,0,1.5708,0.707107,0,0,0.707107
3270,0,0,0,1.5708,0.707107,0,0,0.707107
3275,0,0,0,1.5708,0.707107,0,0,0.707107
3280,0,0,0,1.5708,0.707107,0,0,0.707107
3285,0,0,0,1.5708,0.707107,0,0,0.707107
3290,0,0,0,1.5708,0.707107,0,0,0.707107
3295,0,0,0,1.5708,0.707107,0,0,0.707107
3300,0,0,0,1.5708,0.707107,0,0,0.707107
3305,0,0,0,1.5708,0.707107,0,0,0.707107
3310,0,0,0,1.5708,0.707107,0,0,0.707107
3315,0,0,0,1.5708,0.707107,0,0,0.707107
3320,0,0,0,1.5708,0.707107,0,0,0.707107
3325,0,0,0,1.5708,0.707107,0,0,0.707107
3330,0,0,0,1.5708,0.707107,0,0,0.707107
3335,0,0,0,1.5708,0.707107,0,0,0.707107
3340,0,0,0,1.5708,0.707107,0,0,0.707107
3345,0,0,0,1.5708,0.707107,0,0,0.707107
3350,0,0,0,1.5708,0.707107,0,0,0.707107
3355,0,0,0,1.5708,0.707107,0,0,0.707107
3360,0,0,0,1.5708,0.707107,0,0,0.707107
3365,0,0,0,1.5708,0.707107,0,0,0.707107
3370,0,0,0,1.5708,0.707107,0,0,0.707107
3375,0,0,0,1.5708,0.707107,0,0,0.707107
3380,0,0,0,1.5708,0.707107,0,0,0.707107
3385,0,0,0,1.5708,0.707107,0,0,0.707107
3390,0,0,0,1.5708,0.707107,0,0,0.707107
3395,0,0,0,1.5708,0.707107,0,0,0.707107
3400,0,0,0,1.5708,0.707107,0,0,0.707107
3405,0,0,0,1.5708,0.707107,0,0,0.707107
3410,0,0,0,1.5708,0.707107,0,0,0.707107
3415,0,0,0,1.5708,0.707107,0,0,0.707107
3420,0,0,0,1.5708,0.707107,0,0,0.707107
3425,0,0,0,1.5708,0.707107,0,0,0.707107
3430,0,0,0,1.5708,0.707107,0,0,0.707107
3435,0,0,0,1.5708,0.707107,0,0,0.707107
3440,0,0,0,1.5708,0.707107,0,0,0.707107
3445,0,0,0,1.5708,0.707107,0,0,0.707107
3450,0,0,0,1.5708,0.707107,0,0,0.707107
3455,0,0,0,1.5708,0.707107,0,0,0.707107
3460,0,0,0,1.5708,0.707107,0,0,0.707107
3465,0,0,0,1.5708,0.707107,0,0,0.707107
3470,0,0,0,1.5708,0.707107,0,0,0.707107
3475,0,0,0,1.5708,0.707107,0,0,0.707107
3480,0,0,0,1.5708,0.707107,0,0,0.707107
3485,0,0,0,1.5708,0.707107,0,0,0.707107
3490,0,0,0,1.5708,0.707107,0,0,0.707107
3495,0,0,0,1.5708,0.707107,0,0,0.707107
3500,0,0,0,1.5708,0.707107,0,0,0.707107
3505,0,0,0,1.5708,0.707107,0,0,0.707107
3510,0,0,0,1.5708,0.707107,0,0,0.707107
3515,0,0,0,1.5708,0.707107,0,0,0.707107
3520,0,0,0,1.5708,0.707107,0,0,0.707107
3525,0,0,0,1.5708,0.707107,0,0,0.707107
3530,0,0,0,1.5708,0.707107,0,0,0.707107
3535,0,0,0,1.5708,0.707107,0,0,0.707107
3540,0,0,0,1.5708,0.707107,0,0,0.707107
3545,0,0,0,1.5708,0.707107,0,0,0.707107
3550,0,0,0,1.5708,0.707107,0,0,0.707107
3555,0,0,0,1.5708,0.707107,0,0,0.707107
3560,0,0,0,1.5708,0.707107,0,0,0.707107
3565,0,0,0,1.5708,0.707107,0,0,0.707107
3570,0,0,0,1.5708,0.707107,0,0,0.707107
3575,0,0,0,1.5708,0.707107,0,0,0.707107
3580,0,0,0,1.5708,0.707107,0,0,0.707107
3585,0,0,0,1.5708,0.707107,0,0,0.707107
3590,0,0,0,1.5708,0.707107,0,0,0.707107
3595,0,0,0,1.5708,0.707107,0,0,0.707107
3600,0,0,0,1.5708,0.707107,0,0,0.707107
3605,0,0,0,1.5708,0.707107,0,0,0.707107
3610,0,0,0,1.5708,0.707107,0,0,0.707107
3615,0,0,0,1.5708,0.707107,0,0,0.707107
3620,0,0,0,1.5708,0.707107,0,0,0.707107
3625,0,0,0,1.5708,0.707107,0,0,0.707107
3630,0,0,0,1.5708,0.707107,0,0,0.707107
3635,0,0,0,1.5708,0.707107,0,0,0.707107
3640,0,0,0,1.5708,0.707107,0,0,0.707107
3645,0,0,0,1.5708,0.707107,0,0,0.707107
3650,0,0,0,1.5708,0.707107,0,0,0.707107
3655,0,0,0,1.5708,0.707107,0,0,0.707107
3660,0,0,0,1.5708,0.707107,0,0,0.707107
3665,0,0,0,1.5708,0.707107,0,0,0.707107
3670,0,0,0,1.5708,0.707107,0,0,0.707107
3675,0,0,0,1.5708,0.707107,0,0,0.707107
3680,0,0,0,1.5708,0.707107,0,0,0.707107
3685,0,0,0,1.5708,0.707107,0,0,0.707107
3690,0,0,0,1.5708,0.707107,0,0,0.707107
3695,0,0,0,1.5708,0.707107,0,0,0.707107
3700,0,0,0,1.5708,0.707107,0,0,0.707107
3705,0,0,0,1.5708,0.707107,0,0,0.707107
3710,0,0,0,1.5708,0.707107,0,0,0.707107
3715,0,0,0,1.5708,0.707107,0,0,0.707107
3720,0,0,0,1.5708,0.707107,0,0,0.707107
3725,0,0,0,1.5708,0.707107,0,0,0.707107
3730,0,0,0,1.5708,0.707107,0,0,0.707107
3735,0,0,0,1.5708,0.707107,0,0,0.707107
3740,0,0,0,1.5708,0.707107,0,0,0.707107
3745,0,0,0,1.5708,0.707107,0,0,0.707107
3750,0,0,0,1.5708,0.707107,0,0,0.707107
3755,0,0,0,1.5708,0.707107,0,0,0.707107
3760,0,0,0,1.5708,0.707107,0,0,0.707107
3765,0,0,0,1.5708,0.707107,0,0,0.707107
3770,0,0,0,1.5708,0.707107,0,0,0.707107
3775,0,0,0,1.5708,0.707107,0,0,0.707107
3780,0,0,0,1.5708,0.707107,0,0,0.707107
3785,0,0,0,1.5708,0.707107,0,0,0.707107
3790,0,0,0,1.5708,0.707107,0,0,0.707107
3795,0,0,0,1.5708,0.707107,0,0,0.707107
3800,0,0,0,1.5708,0.707107,0,0,0.707107
3805,0,0,0,1.5708,0.707107,0,0,0.707107
3810,0,0,0,1.5708,0.707107,0,0,0.707107
3815,0,0,0,1.5708,0.707107,0,0,0.707107
3820,0,0,0,1.5708,0.707107,0,0,0.707107
3825,0,0,0,1.5708,0.707107,0,0,0.707107
3830,0,0,0,1.5708,0.707107,0,0,0.707107
3835,0,0,0,1.5708,0.707107,0,0,0.707107
3840,0,0,0,1.5708,0.707107,0,0,0.707107
3845,0,0,0,1.5708,0.707107,0,0,0.707107
3850,0,0,0,1.5708,0.707107,0,0,0.707107
3855,0,0,0,1.5708,0.707107,0,0,0.707107
3860,0,0,0,1.5708,0.707107,0,0,0.707107
3865,0,0,0,1.5708,0.707107,0,0,0.707107
3870,0,0,0,1.5708,0.707107,0,0,0.707107
3875,0,0,0,1.5708,0.707107,0,0,0.707107
3880,0,0,0,1.5708,0.707107,0,0,0.707107
3885,0,0,0,1.5708,0.707107,0,0,0.707107
3890,0,0,0,1.5708,0.707107,0,0,0.707107
3895,0,0,0,1.5708,0.707107,0,0,0.707107
3900,0,0,0,1.5708,0.707107,0,0,0.707107
3905,0,0,0,1.5708,0.707107,0,0,0.707107
3910,0,0,0,1.5708,0.707107,0,0,0.707107
3915,0,0,0,1.5708,0.707107,0,0,0.707107
3920,0,0,0,1.5708,0.707107,0,0,0.707107
3925,0,0,0,1.5708,0.707107,0,0,0.707107
3930,0,0,0,1.5708,0.707107,0,0,0.707107
3935,0,0,0,1.5708,0.707107,0,0,0.707107
3940,0,0,0,1.5708,0.707107,0,0,0.707107
3945,0,0,0,1.5708,0.707107,0,0,0.707107
3950,0,0,0,1.5708,0.707107,0,0,0.707107
3955,0,0,0,1.5708,0.707107,0,0,0.707107
3960,0,0,0,1.5708,0.707107,0,0,0.707107
3965,0,0,0,1.5708,0.707107,0,0,0.707107
3970,0,0,0,1.5708,0.707107,0,0,0.707107
3975,0,0,0,1.5708,0.707107,0,0,0.707107
3980,0,0,0,1.5708,0.707107,0,0,0.707107
3985,0,0,0,1.5708,0.707107,0,0,0.707107
3990,0,0,0,1.5708,0.707107,0,0,0.707107
3995,0,0,0,1.5708,0.707107,0,0,0.707107
4000,0,0,0,1.5708,0.707107,0,0,0.707107
4005,0,0,0,1.5708,0.707107,0,0,0.707107
4010,0,0,0,0,1,0,0,0
