time,acc.x,acc.y,acc.z,gyro.x,gyro.y,gyro.z,mag.x,mag.y,mag.z
5,-0.025822, -0.0255429, -9.7923,-0.00132863, 0.000507114, 0.00094184,1.02096, 0.783408, -0.127842
10,0.00119101, -0.000327508, -9.82615,0.00252751, -0.00188592, 0.00203986,-0.336813, -0.335232, 0.672569
15,0.0273321, -0.00316568, -9.8083,0.000643045, -0.000786835, -0.00401985,-0.988121, 0.797139, 1.1047
20,-0.000352101, -0.0285112, -9.79677,-0.000609422, -0.000545267, -0.00263866,-1.32557, -0.134846, -1.10094
25,-0.00159483, 0.0271092, -9.77847,0.000441566, 0.000156985, -0.00466532,0.990603, -0.226159, 0.930069
30,-0.00628684, -0.00973341, -9.77192,-0.00117848, 0.0014243, -0.000337342,0.990905, -0.925458, -0.988967
35,0.0285822, -0.00779544, -9.81652,-0.0023359, 0.00334748, 0.00227229,0.0701917, -1.02792, 1.65698
40,-0.0247419, -0.0236892, -9.81635,0.00128257, -0.00124747, 0.000830292,0.718244, 0.310326, -2.12505
45,-0.00941604, 0.0196548, -9.80042,0.000266328, 0.000584576, 0.00222266,-0.828201, -1.4206, -0.648699
50,0.0197519, -0.0113109, -9.76997,-0.00348855, 0.000740362, -0.00396845,-0.310809, 0.24477, 0.373718
55,-0.0341835, -0.0292475, -9.79819,-0.00392246, 0.00207019, 0.000127493,0.648174, -1.18206, -1.30538
60,0.00117061, 0.00162771, -9.79735,-0.00539505, -0.00453695, 0.00261695,-0.630046, -0.182112, 0.574717
65,-0.0149001, -0.0347313, -9.79297,0.00120774, 0.00138986, 0.00287226,1.2676, 0.0366179, 1.1216
70,-0.0371901, -0.0099642, -9.85773,0.0157724, 0.000490382, 0.00325032,-1.4519, -0.708972, -0.274806
75,-0.0259765, -0.0123626, -9.80838,0.0177391, 0.00192475, 0.00292985,-1.24412, 0.0710525, 1.05139
80,-0.0120718, 0.0223549, -9.77304,0.016226, 0.00242445, -0.00449648,2.4877, 0.523237, -1.42032
85,0.0043892, -0.0181447, -9.82751,-0.00723732, -8.43621e-05, -0.000519119,-1.20529, -1.89677, -0.508348
90,0.00485914, 0.00326777, -9.82992,-0.0129763, 0.00243632, -0.00245894,0.174853, -0.0429193, -0.812306
95,-0.0880483, -0.0183346, -9.84157,-0.0152304, 0.000784331, 0.00288648,2.18669, -0.301838, -0.551673
100,0.00285413, 0.0258031, -9.8135,-0.0116673, -0.0029461, 0.00194253,1.15908, -0.657171, -0.195294
105,-0.0316142, 0.0570359, -9.80358,-0.00133673, 0.00126433, 0.00345219,-1.98331, 0.391742, -1.70342
110,0.0710689, 0.0462136, -9.71614,0.0260942, -0.00567048, -0.000368132,-0.439559, -1.37773, -0.303993
115,-0.0372744, -0.0179976, -9.70775,0.0462836, -0.0116365, -0.00324173,0.969769, 0.411818, -0.280976
120,-0.0614075, 0.0166244, -9.88776,0.0624773, -0.0110078, -0.00560411,-0.797132, 0.658692, -0.183488
125,0.0196309, 0.0290776, -9.90578,0.056142, -0.0164585, -0.00626328,-1.94045, -0.831333, 0.174357
130,-0.0641507, -0.0223764, -9.7172,0.040725, -0.0154792, -0.00530544,0.298783, 0.3113, 1.02236
135,0.0366414, -0.0382026, -9.70032,0.0204907, -0.0129027, -0.00916175,1.5242, -2.84052, -0.806152
140,-0.0633222, -0.0251586, -9.89496,-0.0115264, -0.0107615, -0.0050218,1.68064, 0.893124, 0.463119
145,-0.0188419, 0.025519, -9.90733,-0.0442012, -0.00821225, -0.00925691,0.68369, -1.86714, -0.707411
150,-0.0371814, -0.00626641, -9.72767,-0.0531766, -0.0103812, -0.00973753,0.0512514, -2.84685, 1.50667
155,0.0382622, -0.0276404, -9.69664,-0.0578845, -0.0108845, -0.0100515,-0.296876, 0.464326, 0.498607
160,-0.0576994, -0.0298119, -9.93205,-0.0505596, -0.00729797, -0.0120375,0.812097, 1.15878, 0.162221
165,-0.127092, 0.0291435, -9.89094,-0.026079, 0.00927338, -0.0238921,1.49287, 0.266675, 0.647533
170,-0.0885436, 0.0211213, -9.73891,0.00561654, 0.0338169, -0.0337962,0.351818, -0.524398, 1.45481
175,-0.0225003, 0.00676131, -9.68956,0.0373188, 0.0454357, -0.0405027,0.400119, -0.439143, 0.533665
180,0.0344387, 0.00107395, -9.89982,0.0540633, 0.0427421, -0.0399087,-1.11063, 0.882527, 2.87512
185,0.0570197, -0.0171401, -9.69915,0.0569126, 0.0432944, -0.0425372,-0.206262, -0.333685, 1.10421
190,-0.0215528, 0.0113837, -9.92211,0.0452139, 0.0461869, -0.0396095,0.0512201, -0.694608, -0.804582
195,0.0373859, 0.0352439, -9.7197,0.0204992, 0.0422973, -0.0397246,0.519605, -0.57719, 1.11485
200,-0.0584177, -0.000628746, -9.86175,-0.0146356, 0.0366358, -0.0467551,-0.416564, -0.711469, 0.164862
205,-0.0642363, -0.0307597, -9.69443,-0.047187, 0.0179906, -0.0588806,0.72531, 2.14216, -2.07547
210,0.0308633, -0.0200114, -9.72479,-0.0651284, -0.0080358, -0.0782931,-0.381181, -0.47313, -0.847914
215,0.129276, 0.0109676, -9.90338,-0.0604215, -0.0275458, -0.0910161,-0.878568, 1.28042, -1.15576
220,0.165499, -0.00632742, -9.89272,-0.0508272, -0.0436024, -0.099048,-0.311168, 1.08836, -1.06458
225,0.0200782, -0.0269331, -9.89118,-0.0265703, -0.0590058, -0.107001,-1.1169, -1.17065, 0.588912
230,0.0588648, 0.0232963, -9.91133,0.0133085, -0.0766928, -0.118459,0.780779, 0.550392, 0.208116
235,-0.0702721, -0.0111376, -9.71312,0.0446064, -0.0783648, -0.117857,1.34588, -1.03247, -1.90333
240,-0.0520682, -0.0367548, -9.87944,0.061479, -0.0720793, -0.123788,0.903424, 0.273553, 1.25058
245,0.0126367, -0.0469771, -9.71048,0.066884, -0.0556367, -0.13477,0.620159, 1.66215, -0.172838
250,0.0496813, -0.0471366, -9.90821,0.0508521, -0.0213478, -0.151903,-0.606205, 0.0722427, 1.37027
255,0.108251, 0.0103209, -9.73764,0.023524, 0.0317267, -0.187425,-0.503165, 0.239746, -0.344254
260,0.20392, -0.00658356, -9.68515,-0.0196967, 0.0735213, -0.213909,-0.482741, 1.82648, -0.936056
265,0.118313, -0.0285313, -9.90985,-0.0511861, 0.104348, -0.234336,-1.37231, -0.410642, -0.397065
270,0.0237502, -0.0117904, -9.71187,-0.0723729, 0.121388, -0.239552,0.422909, -0.595812, 0.050334
275,-0.0170927, 0.00865217, -9.87143,-0.0747464, 0.115805, -0.242433,-0.815499, 2.71628, 0.919649
280,0.0395367, -0.0065544, -9.71012,-0.0642679, 0.114393, -0.238787,0.585388, -1.53273, 1.23262
285,0.0704688, 0.022614, -9.89628,-0.0398289, 0.107839, -0.247294,-1.8097, 0.443326, -1.28618
290,0.11838, -0.0100627, -9.70937,-0.00287439, 0.0791707, -0.267092,0.318946, 0.360336, -1.77645
295,0.109267, -0.00411844, -9.89717,0.0335078, 0.0346989, -0.291334,-0.168716, 0.255063, -0.792701
300,0.0241696, 0.0213341, -9.69335,0.0512798, -0.0238448, -0.325533,-0.709149, -1.47214, -0.438312
305,-0.166295, 0.0156106, -9.9456,0.0484398, -0.0724894, -0.359586,1.82421, -0.800039, 0.591673
310,-0.163063, -0.0292299, -9.69345,0.0331759, -0.101742, -0.378521,-0.635167, 3.00048, -1.26349
315,-0.161952, -0.0153599, -9.92959,0.0111793, -0.129395, -0.400972,-1.05319, 0.812823, 0.457691
320,-0.195687, 0.0330441, -9.72433,-0.0367216, -0.155579, -0.41753,1.03992, -0.393248, 0.861074
325,-0.0694797, 0.0175546, -9.91647,-0.0667807, -0.164094, -0.431988,0.357368, 0.441734, 0.389506
330,0.0697511, -0.0128145, -9.73069,-0.0940262, -0.149668, -0.449252,-3.17332, 0.291398, -0.610705
335,-0.0293392, 0.0187894, -9.90169,-0.0904342, -0.10968, -0.4681,-0.102626, -1.69367, -0.0267777
340,-0.100386, 0.0338048, -9.68279,-0.0762964, -0.0614677, -0.502721,-1.15957, -0.249294, -0.981857
345,-0.198451, 0.0604472, -9.90371,-0.0531757, 0.00662951, -0.541736,0.132913, -0.636532, 0.0772371
350,-0.267806, -0.0184295, -9.74253,-0.00663453, 0.0698919, -0.584648,0.0944926, 0.684805, 0.230819
355,-0.240303, 0.0323771, -9.90797,0.051379, 0.118884, -0.607556,-0.493229, 0.55081, -0.296476
360,-0.0843019, 0.0115024, -9.71076,0.0995038, 0.148457, -0.638011,0.611988, -1.17649, 1.38509
365,0.0505807, 0.00139633, -9.7309,0.130075, 0.154642, -0.653828,0.577384, -0.53725, -1.71002
370,0.0692976, -0.0181677, -9.87128,0.147336, 0.145737, -0.653405,-0.507629, 0.275605, -1.27067
375,0.03085, -0.0158019, -9.68063,0.145173, 0.122838, -0.66919,0.888291, -0.656901, -0.963983
380,0.00278288, -0.0344528, -9.87124,0.127316, 0.085806, -0.691052,-0.715077, 0.923001, -0.757499
385,-0.0683455, -0.0359602, -9.71434,0.0995719, 0.0282447, -0.726281,-0.0683097, -0.8512, -0.00206563
390,-0.160861, -0.041537, -9.92738,0.0553305, -0.0394443, -0.76639,0.423694, 0.163724, 0.0155019
395,-0.181837, -0.0526667, -9.72875,-0.00743778, -0.096046, -0.805985,0.600679, 0.416086, -0.894607
400,-0.0781728, -0.0466759, -9.87561,-0.0595908, -0.134686, -0.836704,0.949217, 0.328539, 0.613275
405,0.0902625, -0.0688509, -9.73381,-0.091292, -0.141592, -0.847854,1.74986, -0.195279, -0.178146
410,0.19856, -0.0562396, -9.75152,-0.108658, -0.136759, -0.862617,-0.11619, 0.521586, -0.11561
415,0.197263, 0.006307, -9.89878,-0.110644, -0.125355, -0.87417,0.672029, -0.436968, 0.540462
420,0.107056, -0.0145504, -9.70501,-0.101375, -0.109774, -0.891137,-0.768477, -0.941481, 0.0589912
425,0.0531698, -0.034201, -9.91207,-0.0750614, -0.0714003, -0.915151,0.888272, -0.550656, -1.60851
430,-0.0438023, -0.000775689, -9.72779,-0.0310403, -0.0209802, -0.946976,1.34522, 0.403795, -1.05525
435,-0.0937791, -0.00500848, -9.95476,0.0183088, 0.0409528, -0.995339,0.374132, 1.05504, -1.91078
440,0.0517748, 0.0364058, -9.73466,0.0604254, 0.0961737, -1.03224,1.36461, 1.50024, 0.135245
445,0.167552, 0.0326532, -9.90561,0.0906743, 0.127596, -1.06241,-0.420695, 0.361836, 0.666477
450,0.285442, -0.0418066, -9.71599,0.10308, 0.145391, -1.07902,-0.0209614, -0.702962, -0.745268
455,0.303046, -0.0150928, -9.90332,0.101988, 0.154394, -1.09439,-2.80195, 0.525227, -0.573455
460,0.222174, -0.0231156, -9.72494,0.0892829, 0.152727, -1.11534,-0.260601, -1.30179, -0.478117
465,0.218621, -0.00243759, -9.86852,0.0602636, 0.158352, -1.14455,0.83736, -0.984893, 0.591634
470,0.141158, -0.0737088, -9.73243,0.0215306, 0.131799, -1.17722,0.976017, -1.12124, -0.989598
475,0.057332, 0.00678856, -9.89337,-0.0320179, 0.0997704, -1.21361,-1.07878, 0.16697, -1.5084
480,-0.00750318, -0.0186013, -9.69996,-0.079458, 0.0382691, -1.25577,0.504175, 0.596836, -1.13078
485,0.0984674, -0.00465347, -9.90187,-0.100002, -0.0449649, -1.30456,0.566386, -0.186004, 0.433558
490,0.194573, -0.0202098, -9.70246,-0.113399, -0.116147, -1.33993,-0.84525, 1.16131, 0.432389
495,0.301626, 0.000555465, -9.85614,-0.105645, -0.178783, -1.36554,1.79605, 0.618651, -0.34762
500,0.261507, 0.00996758, -9.72296,-0.0830966, -0.227728, -1.38523,-0.0170868, 0.391194, 2.20412
505,0.234758, 0.0194028, -9.70358,-0.056763, -0.265482, -1.40793,0.238122, -0.565588, 0.692276
510,0.235479, 0.00868548, -9.8998,-0.0159416, -0.305093, -1.42228,0.368776, 1.48398, 1.33944
515,0.0935622, -0.00285292, -9.70774,0.037646, -0.327831, -1.44479,-1.58103, -0.931795, -1.23414
520,0.0342332, -0.0203813, -9.8577,0.0904665, -0.321628, -1.47646,-0.030235, 0.99687, 0.936255
525,-0.0704938, -0.0329868, -9.69641,0.120483, -0.286593, -1.49922,-2.01298, -1.27971, -0.183781
530,0.0535881, -0.0160545, -9.89104,0.129411, -0.230284, -1.52528,-3.30183, -0.822922, 0.01842
535,0.0924102, -0.0148564, -9.73375,0.122228, -0.149293, -1.55944,0.154512, -0.222452, -0.773859
540,0.134775, -0.0696782, -9.8737,0.0967397, -0.0571294, -1.60327,2.38926, -0.216381, 0.652741
545,0.200144, -0.0273124, -9.73492,0.0589127, 0.0439513, -1.6583,0.954227, -0.205462, -0.116241
550,0.309687, 0.00289046, -9.87349,0.0133076, 0.140037, -1.70386,0.618755, -0.880985, 0.369502
555,0.182316, -0.0105039, -9.69696,-0.0303231, 0.213944, -1.73794,0.565442, 0.924157, 0.42329
560,0.0613099, -0.0206246, -9.93647,-0.0549871, 0.260359, -1.75594,-0.799169, 0.468811, -0.0364902
565,-0.110995, 0.0394122, -9.75477,-0.0589761, 0.291652, -1.76198,0.396476, 0.089914, 2.21706
570,-0.0997405, -0.0358724, -9.8906,-0.0471218, 0.307249, -1.75564,-1.5239, -2.92603, -1.39514
575,-0.0157979, 0.00954178, -9.91913,-0.0174322, 0.30444, -1.75759,-1.76192, 0.756088, -0.411647
580,0.127131, 0.020449, -9.72163,0.0263077, 0.290816, -1.76121,0.156916, -0.933745, 1.05802
585,0.107999, -7.64393e-05, -9.88767,0.0603959, 0.260823, -1.76678,-2.0908, -0.634933, 0.218163
590,0.0565099, -0.0173615, -9.6906,0.0780444, 0.215864, -1.78867,0.200987, 1.33064, 1.1115
595,-0.0365615, 0.0229256, -9.69849,0.0786982, 0.151447, -1.81326,0.360735, 1.24763, 2.38126
600,-0.0837793, -0.0524478, -9.91589,0.070138, 0.0685436, -1.84248,-1.0104, -2.50508, 0.327863
605,-0.147328, -0.0125171, -9.6961,0.0377033, -0.0237165, -1.88391,-0.919076, -2.26062, -0.138779
610,-0.281554, -0.0350302, -9.91681,-0.00153211, -0.0997972, -1.92075,0.623612, -0.751201, -1.26748
615,-0.356995, -0.0340804, -9.72567,-0.0568992, -0.163414, -1.94914,-0.267877, 0.0307693, -0.492207
620,-0.192997, 0.0289848, -9.87604,-0.114128, -0.202819, -1.9565,1.85679, 0.63049, -0.450551
625,-0.0874535, 0.0145449, -9.93106,-0.149098, -0.213649, -1.95164,-0.818492, 0.245317, 0.676673
630,0.0178949, 0.0169446, -9.66454,-0.16081, -0.207548, -1.9433,-0.546143, 1.03299, -0.847401
635,0.0282521, 0.0123438, -9.90197,-0.161309, -0.201688, -1.9383,-0.555741, 1.93527, -0.26092
640,-0.0673158, 0.0164789, -9.71055,-0.147825, -0.178818, -1.94263,0.996373, 0.253087, -1.09765
645,-0.142269, 0.0284919, -9.90745,-0.117748, -0.141561, -1.94591,0.387174, 0.22572, 0.446676
650,-0.212531, 0.0246446, -9.73245,-0.0755105, -0.0917715, -1.96105,-1.19866, 0.0647772, 1.44133
655,-0.335307, 1.95798e-05, -9.94494,-0.0262958, -0.024743, -1.98517,0.761572, -1.37247, -1.14407
660,-0.324359, 0.042423, -9.70604,0.0418899, 0.0507694, -2.01887,0.508046, -0.478264, -0.840728
665,-0.148697, 0.0470652, -9.88834,0.0985871, 0.123863, -2.04689,1.05996, 0.510771, -1.41292
670,-0.0422805, 0.0118959, -9.67835,0.1363, 0.164228, -2.06947,-1.29073, -0.6411, -0.649176
675,0.119021, 0.0200666, -9.8711,0.160969, 0.189413, -2.07238,0.410205, 1.00544, 0.452521
680,0.123247, -0.026218, -9.75972,0.175091, 0.196799, -2.07506,-0.437452, 0.813667, 0.405158
685,0.161753, 0.0197158, -9.88872,0.168269, 0.196001, -2.07776,0.199058, 0.898466, -0.792547
690,0.165541, -0.0715862, -9.74008,0.155723, 0.201632, -2.0768,1.4708, -1.07662, -0.108839
695,0.0938377, -0.0210769, -9.90032,0.121089, 0.192616, -2.0821,0.448701, 1.87966, 0.465878
700,0.0854768, 0.00581347, -9.70991,0.0816449, 0.158793, -2.09784,-0.365055, -0.387181, -1.57537
705,-0.0674695, -0.011027, -9.90206,0.0284335, 0.12972, -2.12717,-0.0288435, -0.127605, -0.50036
710,-0.102629, -0.0168565, -9.71837,-0.0383685, 0.0757705, -2.15758,-0.396911, -0.686746, 0.826116
715,-0.0755825, -0.102884, -9.91149,-0.0908397, -0.00089101, -2.19744,-0.310426, 1.00084, -0.307749
720,-0.0395266, -0.0343909, -9.74156,-0.134247, -0.0963115, -2.23489,0.27567, -1.24744, -1.77433
725,0.0988222, 0.00895406, -9.93137,-0.150865, -0.183716, -2.26865,0.193325, -0.319093, 0.246806
730,0.16585, 0.0195995, -9.7446,-0.15747, -0.242832, -2.28778,1.93804, 1.00477, -0.26023
735,0.195306, 0.00291645, -9.90918,-0.146066, -0.288192, -2.29263,0.710329, 1.20112, -1.48547
740,0.189295, 0.0130309, -9.69789,-0.131398, -0.32933, -2.30267,-1.23543, 0.789982, -1.75123
745,0.0210947, 0.0394054, -9.93491,-0.101006, -0.35617, -2.29516,-1.81032, 0.0901293, -0.472687
750,-0.0723462, 0.0421177, -9.73097,-0.070216, -0.359009, -2.27513,0.494103, 2.54595, 1.05774
755,-0.0755173, 0.0350081, -9.89364,-0.0257057, -0.359831, -2.26173,0.438346, 0.142257, 0.949194
760,-0.136481, 0.0378661, -9.67023,0.0227461, -0.357624, -2.23729,0.561203, -0.79416, 0.341649
765,-0.123062, 0.00683649, -9.68743,0.0552912, -0.359991, -2.22152,-0.0488935, -0.00100123, -1.53336
770,-0.181734, 0.0219574, -9.87068,0.073424, -0.360679, -2.20264,-0.406227, 0.0422675, 0.295255
775,-0.170446, 0.00267899, -9.69726,0.0761122, -0.360525, -2.17949,-0.0485946, 1.1761, 0.656177
780,-0.154915, 0.0206801, -9.89787,0.073864, -0.358896, -2.16564,1.03121, -0.576031, 1.06718
785,-0.198874, 0.0450372, -9.78074,0.0579391, -0.357738, -2.14416,-0.776874, -0.115482, 1.00184
790,-0.23121, 0.0235378, -9.73182,0.0379822, -0.359812, -2.12635,-0.978195, 0.395593, -0.354848
795,-0.227511, 0.0236806, -9.90066,0.0203218, -0.360493, -2.10788,0.802914, 0.757975, -0.499427
800,-0.240686, -0.0031521, -9.75989,-0.00534155, -0.360967, -2.09581,-0.401153, -0.0964616, -0.711407
805,-0.273927, -0.0261607, -9.89702,-0.00754606, -0.360357, -2.07647,-0.795319, -0.540471, 0.0725423
810,-0.31729, -0.02406, -9.70934,-0.00524448, -0.365326, -2.05738,0.536206, -0.367946, -1.1821
815,-0.255975, 0.0115836, -9.91552,-0.00116718, -0.367075, -2.03561,0.431633, 1.47868, -2.16198
820,-0.311817, -0.0320715, -9.88965,0.0114685, -0.355575, -2.02292,0.548509, 0.633562, 0.778067
825,-0.332363, -0.0163508, -9.71246,0.0350185, -0.357488, -2.00613,0.117917, -0.601405, -0.0338256
830,-0.370945, -0.01721, -9.89974,0.0733698, -0.356892, -1.98709,-0.32075, 1.35679, 0.476036
835,-0.386834, -0.0705248, -9.69378,0.105132, -0.364103, -1.97258,-1.00917, 0.280912, 0.323681
840,-0.390013, -0.0622303, -9.85992,0.1271, -0.363897, -1.95823,1.90926, -0.336212, -1.75032
845,-0.447118, -0.0690703, -9.71963,0.143447, -0.362715, -1.94709,-1.04222, -1.63467, 0.498517
850,-0.426005, -0.069612, -9.94097,0.141195, -0.359772, -1.9237,-0.574018, 0.516512, -0.324146
855,-0.469671, -0.036809, -9.86248,0.139631, -0.359816, -1.91111,1.76199, 0.842415, 0.281126
860,-0.530191, -0.148047, -9.6999,0.132646, -0.360986, -1.8907,0.894576, -1.24639, 0.0376365
865,-0.581348, -0.134651, -9.88552,0.111869, -0.336569, -1.86489,-2.89681, -0.502204, 0.300947
870,-0.660337, -0.142091, -9.74136,0.0819188, -0.307864, -1.82996,-0.221349, -0.644845, -0.382259
875,-0.720306, -0.141094, -9.8806,0.0432638, -0.257673, -1.78093,0.73961, 0.12162, -2.10604
880,-0.709322, -0.119638, -9.72082,0.0160302, -0.186393, -1.72663,-0.879499, -1.24731, -0.450937
885,-0.607835, -0.152941, -9.89022,-0.00716447, -0.11253, -1.66101,0.780445, 0.112973, -1.27569
890,-0.442219, -0.161283, -9.72019,-0.0215572, -0.0191091, -1.59792,-0.926955, 0.0873734, -0.515576
895,-0.481177, -0.117781, -9.84856,-0.0162092, 0.0838341, -1.52681,1.45849, -0.117014, 0.130801
900,-0.356497, -0.170912, -9.71167,-0.00363489, 0.148513, -1.47235,1.86385, -0.0429342, 0.463691
905,-0.4385, -0.170604, -9.84509,0.00883207, 0.177251, -1.44249,-0.228809, 1.04325, 2.98294
910,-0.481437, -0.142478, -9.71514,0.0337, 0.182652, -1.43418,1.76836, 0.167376, 0.0368591
915,-0.453656, -0.14707, -9.94305,0.0560139, 0.180212, -1.42112,-0.795787, 0.488289, -1.59503
920,-0.477643, -0.185334, -9.71656,0.0762052, 0.178621, -1.41498,0.582052, -0.660908, -0.411155
925,-0.380698, -0.170974, -9.86833,0.0984081, 0.177988, -1.40262,-0.280555, 1.07757, 0.101387
930,-0.391089, -0.141421, -9.73834,0.112714, 0.181933, -1.39141,-0.270851, -1.27732, -0.157488
935,-0.432295, -0.171284, -9.87965,0.11679, 0.181765, -1.38524,1.39526, -0.520256, -0.515716
940,-0.386373, -0.215351, -9.68671,0.123387, 0.178037, -1.37577,1.00137, 2.00464, 1.53024
945,-0.326769, -0.191091, -9.91028,0.119268, 0.178674, -1.36758,0.123979, 1.40494, 0.533178
950,-0.325238, -0.183884, -9.70842,0.119031, 0.174768, -1.35501,1.67672, 0.231367, -0.350728
955,-0.273935, -0.224249, -9.93709,0.110827, 0.177389, -1.35566,-0.664943, -0.947644, 0.308969
960,-0.403959, -0.258262, -9.9043,0.107778, 0.1788, -1.34679,0.479956, 0.927499, 1.35904
965,-0.360933, -0.236489, -9.67422,0.0983154, 0.178354, -1.33282,-1.13343, -0.641657, 0.0103483
970,-0.379687, -0.228071, -9.93141,0.0861478, 0.181998, -1.32188,0.943259, 0.40328, 0.765708
975,-0.262725, -0.282773, -9.73095,0.0690323, 0.177864, -1.31077,-0.797959, -2.04152, 0.669628
980,-0.266822, -0.28554, -9.94286,0.0464459, 0.177081, -1.30567,-0.513387, -1.33141, 2.61596
985,-0.259486, -0.272437, -9.74083,0.0133124, 0.17519, -1.29393,1.10339, -1.3054, -0.63481
990,-0.256044, -0.287237, -9.84711,-0.0130279, 0.17155, -1.29557,2.04265, 0.534688, -0.825
995,-0.329436, -0.295183, -9.72929,-0.0460485, 0.173558, -1.28473,0.155761, -1.06472, -0.296058
1000,-0.287468, -0.256391, -9.88256,-0.066161, 0.176277, -1.27207,0.11078, -0.618514, 0.0960701
1005,-0.278632, -0.250004, -9.68863,-0.0857976, 0.171777, -1.26837,0.439501, 1.29313, 0.228025
1010,-0.201849, -0.27693, -9.8645,-0.100295, 0.172581, -1.25808,0.705761, 0.415746, 1.99967
1015,-0.218048, -0.283956, -9.71327,-0.10886, 0.178768, -1.25326,1.2256, -0.0759314, -2.02804
1020,-0.215075, -0.258341, -9.72524,-0.108936, 0.177295, -1.24304,-0.0618422, 0.21311, -0.736432
1025,-0.20348, -0.268234, -9.89151,-0.106239, 0.175422, -1.23622,0.539929, 0.176326, 0.193339
1030,-0.219089, -0.201655, -9.70589,-0.103449, 0.176611, -1.23153,-1.31604, -1.61843, 1.00745
1035,-0.282659, -0.234192, -9.90901,-0.0815378, 0.161463, -1.217,-1.126, -0.21998, 0.348194
1040,-0.284902, -0.241196, -9.70796,-0.0574604, 0.149461, -1.1922,-1.32588, 0.501895, -0.74988
1045,-0.405157, -0.231602, -9.91313,-0.0238173, 0.113157, -1.16968,-1.09476, 1.13146, -1.34671
1050,-0.472123, -0.229963, -9.77133,0.0185451, 0.0658153, -1.12825,0.141352, -0.274931, 0.0383129
1055,-0.421776, -0.240664, -9.90088,0.0492654, 0.00667539, -1.08783,-1.76176, -2.50668, 0.289389
1060,-0.273868, -0.322298, -9.71457,0.0777301, -0.0385901, -1.05104,-0.832043, 0.337471, -0.88808
1065,-0.139619, -0.247399, -9.866,0.0861143, -0.0725346, -1.02722,0.263347, -1.16633, 0.832293
1070,-0.0880401, -0.243996, -9.71897,0.0805767, -0.0876257, -1.01204,-1.52655, 0.936697, 1.13615
1075,-0.108384, -0.266439, -9.89195,0.0755932, -0.0929949, -1.00465,0.798575, -1.98353, 1.29401
1080,-0.0727013, -0.265126, -9.7249,0.0608914, -0.107841, -0.995642,1.07523, -0.69796, -0.0702511
1085,-0.0805762, -0.258971, -9.8622,0.0337541, -0.117174, -0.983346,-0.297211, -0.227569, 1.06512
1090,-0.140757, -0.251744, -9.6876,0.000672849, -0.128458, -0.96967,1.4799, -0.330945, 1.46651
1095,-0.161394, -0.246249, -9.9308,-0.0285392, -0.12677, -0.967503,0.95828, -0.464813, 1.53212
1100,-0.139018, -0.272035, -9.73546,-0.043962, -0.125763, -0.964076,1.54327, -0.453205, 0.986083
1105,-0.17598, -0.302786, -9.89287,-0.0470401, -0.127561, -0.960717,-0.91634, -0.986351, 0.429675
1110,-0.190984, -0.243398, -9.70806,-0.0287436, -0.126239, -0.952068,-0.128944, 1.11082, -0.905453
1115,-0.171697, -0.254756, -9.93058,-0.0101195, -0.125334, -0.948489,0.380578, -1.12708, -0.931234
1120,-0.109314, -0.267808, -9.77238,0.0268034, -0.12239, -0.945896,-0.0231821, -0.75072, 1.2531
1125,-0.130902, -0.310619, -9.86705,0.0578354, -0.116532, -0.93167,0.586791, 1.95035, 0.21767
1130,-0.13813, -0.241681, -9.69198,0.0805674, -0.100148, -0.918028,-0.567037, 0.0155144, -0.443717
1135,-0.115872, -0.2541, -9.92083,0.0928987, -0.0930326, -0.907422,-1.72113, -0.263659, -0.0425195
1140,-0.162822, -0.348534, -9.714,0.0857777, -0.0701553, -0.8947,-0.960906, -0.09459, 1.14637
1145,-0.223184, -0.31391, -9.91992,0.070262, -0.0340261, -0.866541,0.521552, -0.865269, -0.185963
1150,-0.324037, -0.326142, -9.72251,0.0478039, 0.0142042, -0.830172,0.109558, 0.849436, 0.354659
1155,-0.362808, -0.335893, -9.87007,0.019236, 0.0789416, -0.788182,0.304667, 1.65214, 1.57493
1160,-0.36048, -0.283157, -9.72467,-0.0228347, 0.11971, -0.76467,1.76138, 1.35887, 0.463667
1165,-0.167254, -0.282423, -9.88764,-0.0532566, 0.122433, -0.75816,0.627399, -0.238155, 1.49506
1170,-0.203022, -0.303284, -9.74646,-0.0746742, 0.125894, -0.752807,0.107846, -0.617693, -1.25229
1175,-0.155898, -0.298104, -9.89036,-0.0862213, 0.12513, -0.756508,0.939177, -0.375069, 1.4078
1180,-0.136359, -0.305226, -9.70835,-0.0852281, 0.124005, -0.75051,0.260501, 1.76414, -0.497121
1185,-0.181764, -0.317266, -9.90214,-0.0838217, 0.12308, -0.747989,0.878275, 0.738621, 0.460703
1190,-0.123943, -0.254636, -9.71743,-0.0677405, 0.122633, -0.742931,-0.0738779, 0.737697, -0.541886
1195,-0.140668, -0.272611, -9.91538,-0.0554523, 0.126643, -0.738063,1.51085, -0.53102, -1.36835
1200,-0.124696, -0.280779, -9.72856,-0.036766, 0.123616, -0.740558,0.0642149, 1.32727, 1.32309
1205,-0.132814, -0.269883, -9.90888,-0.0098436, 0.126411, -0.739469,0.445865, -0.545054, -0.44229
1210,-0.11567, -0.289977, -9.73852,0.0287876, 0.124078, -0.742049,-1.76846, -0.379334, -0.059476
1215,-0.0739365, -0.282284, -9.88161,0.061292, 0.127102, -0.730302,-1.5599, 0.422881, -1.2967
1220,-0.139486, -0.26133, -9.71494,0.0790899, 0.124717, -0.731415,0.540314, -0.416432, -1.0954
1225,-0.0524416, -0.307495, -9.9166,0.101545, 0.124204, -0.731214,0.60528, -1.39729, -0.107043
1230,-0.083761, -0.258695, -9.73305,0.102094, 0.125047, -0.73169,0.221684, -1.5471, -0.0582937
1235,-0.10858, -0.302636, -9.87702,0.0992064, 0.12436, -0.728404,0.247672, -0.411948, -1.36713
1240,-0.143963, -0.267208, -9.68217,0.0910892, 0.124107, -0.721377,0.296681, -0.453625, -0.914248
1245,0.0168854, -0.313775, -9.86282,0.0778533, 0.107278, -0.715491,1.72943, -1.71861, 0.0471981
1250,0.0898905, -0.312751, -9.90775,0.0532992, 0.0728147, -0.689941,-0.827663, -0.560142, -0.933829
1255,0.149257, -0.281242, -9.70505,0.0166723, 0.0338346, -0.663337,-0.12493, 0.698432, 0.182143
1260,0.196932, -0.340979, -9.88163,-0.0234517, -0.0211173, -0.62949,-0.141564, -2.10106, -0.723348
1265,0.101947, -0.304378, -9.7556,-0.0608968, -0.0707996, -0.598107,0.335641, -0.71906, 0.580541
1270,-0.129804, -0.33359, -9.89762,-0.0874238, -0.0866019, -0.585069,0.535225, -0.98937, -1.52975
1275,-0.117805, -0.30632, -9.69308,-0.0940044, -0.0903161, -0.587558,-0.510406, -1.03095, 1.12757
1280,-0.117521, -0.354333, -9.66947,-0.0982129, -0.0863833, -0.583515,0.248249, 0.554521, -0.776948
1285,-0.134945, -0.322258, -9.92041,-0.0921, -0.0820644, -0.589559,1.57559, 0.673764, -1.0342
1290,-0.17085, -0.284454, -9.73608,-0.080824, -0.0845096, -0.587537,0.320807, 0.395657, 0.534982
1295,-0.122687, -0.315427, -9.8957,-0.0542324, -0.0882935, -0.585819,-1.07769, 0.267242, -0.417983
1300,-0.11688, -0.323243, -9.6932,-0.0210554, -0.0857659, -0.584496,1.28233, 0.827902, -0.529875
1305,-0.145609, -0.26085, -9.88863,0.0173271, -0.0867347, -0.581494,1.95911, 2.32653, -2.35037
1310,-0.160978, -0.297186, -9.93053,0.0547397, -0.0856474, -0.586194,-0.49699, 0.0211471, 0.345283
1315,-0.187692, -0.274996, -9.71635,0.0778566, -0.0838415, -0.586132,1.60151, 0.164114, 0.665371
1320,-0.167862, -0.282301, -9.90868,0.0891232, -0.0834166, -0.580596,-0.464886, -0.181089, 0.68125
1325,-0.180904, -0.26365, -9.72934,0.0885172, -0.0873756, -0.58047,0.241453, 0.350459, -2.54934
1330,-0.194401, -0.296557, -9.93089,0.0866745, -0.0856551, -0.583032,-1.10745, 1.20161, -0.908113
1335,-0.245622, -0.334075, -9.68537,0.0605838, -0.0831012, -0.57651,1.93382, 1.25083, -0.0122481
1340,-0.348717, -0.311043, -9.91941,0.0301401, -0.0537471, -0.56457,0.0280021, -0.682646, 2.09061
1345,-0.379342, -0.291388, -9.70027,-0.0084397, -0.0211335, -0.539033,0.90024, 0.0844575, -0.603736
1350,-0.324539, -0.319194, -9.92141,-0.0469284, 0.0240041, -0.51147,0.534105, -0.280359, -0.33412
1355,-0.239648, -0.291959, -9.72122,-0.0694785, 0.0582283, -0.489406,0.438031, 0.510629, 0.932544
1360,-0.0555599, -0.318833, -9.87978,-0.0822997, 0.0745253, -0.482149,0.922325, 1.54399, -0.220891
1365,-0.100838, -0.321262, -9.70991,-0.0756864, 0.076833, -0.48061,0.623191, -0.277274, 0.223848
1370,-0.0747583, -0.319401, -9.89905,-0.0595868, 0.0802638, -0.472828,0.894681, -0.417815, -0.690751
1375,-0.0638713, -0.296773, -9.72605,-0.0263255, 0.087311, -0.472349,1.42599, 0.336269, -0.392911
1380,-0.0240583, -0.278615, -9.88679,0.013248, 0.0960853, -0.469302,-0.492732, 0.902085, -0.887662
1385,-0.0970321, -0.310887, -9.67997,0.0484251, 0.0965368, -0.468233,-1.30643, 1.25033, 0.100462
1390,-0.0684793, -0.321539, -9.88727,0.069185, 0.0963997, -0.470824,1.05984, -0.334946, -0.906826
1395,-0.102846, -0.330083, -9.73743,0.0717111, 0.0861099, -0.471593,0.629959, 0.660229, -0.646119
1400,-0.0786247, -0.320605, -9.88498,0.0600258, 0.0856844, -0.467627,0.623837, 2.39706, -1.25552
1405,-0.0619032, -0.309003, -9.68853,0.038336, 0.0742091, -0.460335,-1.33334, 0.702093, -0.873953
1410,0.063987, -0.283394, -9.87792,0.00847289, 0.045958, -0.441195,-0.334188, -0.975445, -0.285863
1415,0.158227, -0.314094, -9.73895,-0.0359669, 0.00631586, -0.413948,-1.31505, -0.298976, -0.331672
1420,0.0285638, -0.316992, -9.88782,-0.0808354, -0.0248399, -0.398789,-1.26564, -2.29984, -0.176078
1425,-0.0844574, -0.276482, -9.73842,-0.0943371, -0.0410344, -0.388489,1.27134, 0.539851, 1.56989
1430,-0.122636, -0.321291, -9.86078,-0.103609, -0.0432177, -0.387299,1.96891, 1.65337, -0.719168
1435,-0.125057, -0.328426, -9.69581,-0.102896, -0.0412417, -0.392077,0.292814, 0.726313, 0.123977
1440,-0.111629, -0.300418, -9.86264,-0.0841174, -0.0382125, -0.38811,-0.652414, -0.807605, -0.699962
1445,-0.111238, -0.281171, -9.71845,-0.0538109, -0.0366545, -0.387639,0.173728, -0.566547, -0.155036
1450,-0.0935521, -0.297432, -9.90701,-0.0049683, -0.0364723, -0.386737,-1.13274, 0.105755, 1.30809
1455,0.0120296, -0.299241, -9.71672,0.0380419, -0.024725, -0.374721,-0.0430898, -1.57067, 0.853024
1460,0.00100798, -0.275241, -9.88817,0.0846503, -0.000278819, -0.357961,0.209897, -1.23337, 0.470824
1465,-0.0585099, -0.235482, -9.69658,0.112333, 0.0354753, -0.340104,-0.0101269, 0.777234, -1.89504
1470,-0.156901, -0.287887, -9.88958,0.127558, 0.0477053, -0.336837,1.63199, -0.481433, 0.60826
1475,-0.108466, -0.298417, -9.7149,0.129898, 0.0515686, -0.333141,-0.820882, 1.22513, -0.555746
1480,-0.0978053, -0.301737, -9.8916,0.116734, 0.0431173, -0.332266,-1.16529, -0.076357, 0.202845
1485,-0.0763982, -0.307892, -9.69839,0.104805, 0.0502046, -0.334108,-0.0672252, -0.0299579, 0.429644
1490,-0.122215, -0.389208, -9.87382,0.0775707, 0.0483626, -0.335857,0.3705, -0.567499, -1.7117
1495,-0.117852, -0.326288, -9.72127,0.0431421, 0.0479106, -0.336266,0.744504, -0.108569, 0.244824
1500,-0.0582989, -0.338599, -9.86437,0.00406665, 0.0450771, -0.3315,0.76687, -0.58728, -0.154037
1505,-0.129193, -0.334284, -9.71048,-0.0495267, 0.0443831, -0.330333,0.428465, 0.36261, 0.563061
1510,-0.0854647, -0.314387, -9.90725,-0.0913497, 0.0435086, -0.335808,0.825773, 0.37503, 1.02953
1515,-0.0754447, -0.354382, -9.71945,-0.12408, 0.0463424, -0.335019,1.09048, 1.45599, -0.739959
1520,-0.0336617, -0.333289, -9.89679,-0.144919, 0.0423382, -0.332767,0.396862, 0.20889, -0.0592689
1525,-0.0402729, -0.342348, -9.70553,-0.154996, 0.0345818, -0.327206,-1.38409, -0.513448, 0.135158
1530,-0.108548, -0.291262, -9.91954,-0.162766, 0.0235502, -0.315519,0.806188, 0.125152, -0.272707
1535,-0.132461, -0.26606, -9.70543,-0.157829, 0.00114814, -0.302557,0.687427, 0.231363, 1.72886
1540,-0.217814, -0.276911, -9.75626,-0.139955, -0.0257189, -0.285629,0.420217, -1.68398, -0.162375
1545,0.016044, -0.363512, -9.91437,-0.111067, -0.0398379, -0.281611,-0.877648, -0.260648, -1.71818
1550,0.00492048, -0.274739, -9.7467,-0.0799966, -0.0383049, -0.277368,0.366255, -1.74157, -0.743146
1555,-0.13237, -0.254721, -9.91648,-0.039046, -0.0337145, -0.277228,-1.43716, -0.277617, -0.885111
1560,-0.0565565, -0.246219, -9.70581,-0.00506868, -0.0400971, -0.277799,-1.33433, -0.0411896, -0.697346
1565,-0.0297838, -0.311582, -9.89761,0.0448602, -0.0381691, -0.278254,0.373568, 0.174161, 0.685308
1570,-0.113577, -0.282563, -9.68276,0.0962792, -0.0368677, -0.28229,1.34596, 0.191054, -0.958385
1575,-0.00366761, -0.252074, -9.89712,0.135292, -0.0388403, -0.281278,-0.130922, -0.43208, -0.866619
1580,-0.00139502, -0.300746, -9.69469,0.165393, -0.0374925, -0.277822,-1.97966, -0.478293, 0.0963378
1585,-0.0923875, -0.269206, -9.75537,0.18388, -0.0417316, -0.282923,1.2001, -1.00858, 0.823123
1590,-0.0867892, -0.324824, -9.88602,0.19898, -0.0386601, -0.280914,1.39571, 0.434719, 1.12324
1595,-0.0198125, -0.334994, -9.70924,0.195167, -0.0394293, -0.281425,0.413547, -0.0597297, 1.68721
1600,-0.0724102, -0.296895, -9.90398,0.195645, -0.0364078, -0.280254,0.164294, 0.828212, -0.401839
1605,-0.0466896, -0.359452, -9.70728,0.172787, -0.0394091, -0.280214,-0.152011, -1.03044, 1.65642
1610,-0.145365, -0.383663, -9.89321,0.153112, -0.0318015, -0.276916,0.331323, 0.587409, -0.507254
1615,-0.202153, -0.336074, -9.70431,0.119786, -0.00844936, -0.26297,-1.22077, -0.378034, 0.168721
1620,-0.239622, -0.38599, -9.86763,0.0835158, 0.0220734, -0.243833,-0.836023, 0.939264, 0.00826929
1625,-0.215512, -0.375554, -9.709,0.0270931, 0.0636489, -0.216155,0.524735, 1.70529, 0.713625
1630,-0.168669, -0.370646, -9.89761,-0.0325719, 0.0880693, -0.207799,1.24984, 0.435931, -0.4367
1635,-0.0420356, -0.389387, -9.75772,-0.078667, 0.0895312, -0.202422,0.598361, -0.430361, -1.0729
1640,-0.0307621, -0.358656, -9.88872,-0.108283, 0.0888055, -0.204199,-1.2769, -1.03835, 1.79241
1645,-0.0419104, -0.322242, -9.73083,-0.131203, 0.0868898, -0.207251,-2.02592, -0.311657, -1.96921
1650,-0.036139, -0.318457, -9.88004,-0.142545, 0.0851596, -0.201221,-1.02036, -0.898378, 0.651225
1655,-0.03446, -0.350039, -9.70539,-0.148013, 0.0920559, -0.205122,-0.5717, 0.409164, 0.484176
1660,0.00279648, -0.321454, -9.88849,-0.151894, 0.0843405, -0.210287,0.324528, 0.175875, 0.436516
1665,-0.00597473, -0.325471, -9.68505,-0.146982, 0.0888264, -0.20174,0.362205, 0.850981, 0.413755
1670,-0.0329173, -0.269325, -9.90271,-0.140785, 0.0907908, -0.204048,0.407685, 1.90653, -0.760518
1675,-0.00054433, -0.336175, -9.69876,-0.127962, 0.0901746, -0.205837,-2.04939, 1.75128, 0.346129
1680,0.0653508, -0.276915, -9.88172,-0.115094, 0.0861107, -0.205662,-0.334877, 0.366229, -0.940169
1685,-0.0126312, -0.26402, -9.70373,-0.0968895, 0.0922958, -0.200966,0.0912709, -1.52032, -0.102313
1690,0.0281357, -0.273543, -9.94152,-0.0723051, 0.09073, -0.202563,-0.103217, 0.0323775, -0.840974
1695,0.0499533, -0.284805, -9.70777,-0.0350526, 0.0849934, -0.200838,0.668102, 0.817612, 0.397484
1700,0.0733239, -0.309971, -9.93187,-0.00229849, 0.0872989, -0.203652,-1.89681, 0.523865, 0.590779
1705,0.0344029, -0.314066, -9.71277,0.0461544, 0.0924104, -0.203508,-0.729536, -1.06611, 0.720008
1710,0.0234978, -0.2779, -9.9026,0.0974989, 0.0889019, -0.203376,1.4219, -1.13073, -0.739147
1715,0.00231053, -0.295669, -9.73713,0.131661, 0.0814139, -0.195177,-1.64484, 0.166155, -1.77574
1720,-0.0140666, -0.263495, -9.90371,0.161117, 0.0716513, -0.199268,0.877056, -1.89741, -1.11879
1725,0.000647459, -0.285116, -9.71811,0.186302, 0.0663163, -0.194684,-0.924819, 0.409094, -0.536208
1730,-0.0281342, -0.374338, -9.87265,0.202584, 0.0556064, -0.177229,0.37159, 0.325552, -0.216954
1735,0.0133584, -0.296527, -9.72049,0.216794, 0.0470614, -0.176424,-0.522387, 0.196882, -0.343168
1740,0.0596685, -0.324285, -9.86339,0.214656, 0.0183106, -0.155223,-3.30202, 0.140329, -0.0509415
1745,0.213289, -0.364156, -9.72468,0.203131, -0.00458001, -0.140996,-1.17141, -1.67577, -0.934931
1750,0.0803764, -0.428373, -9.93145,0.191882, -0.0202568, -0.135804,0.983035, 0.313205, -0.690828
1755,-0.0134729, -0.377817, -9.70328,0.164257, -0.0214732, -0.131869,-1.18651, -0.0508028, 1.43692
1760,0.045623, -0.376911, -9.90847,0.134083, -0.0273892, -0.131767,0.997086, -0.24611, 0.226201
1765,-0.0209417, -0.389993, -9.72846,0.109091, -0.0283863, -0.131472,-0.608487, 0.279479, 1.45877
1770,0.0410171, -0.354182, -9.88306,0.0783632, -0.0267675, -0.1311,-1.67346, 1.35968, -0.964253
1775,0.0338549, -0.417449, -9.69518,0.052265, -0.0254419, -0.135828,1.38653, -0.683, 0.0998181
1780,0.0540282, -0.383595, -9.85757,0.026831, -0.0256839, -0.134122,0.739752, 0.101226, -0.0493109
1785,-0.0801902, -0.392247, -9.68993,0.0104727, -0.0222608, -0.13116,0.724567, 1.36784, -1.21216
1790,-0.00549065, -0.393945, -9.8645,-0.0152385, -0.0293777, -0.134838,-0.407426, 0.00889031, -0.626275
1795,0.0281325, -0.383439, -9.75395,-0.0398716, -0.0256214, -0.130428,1.0263, 0.826022, -0.679087
1800,-0.0150318, -0.405917, -9.91657,-0.0578534, -0.0244059, -0.13202,-1.91316, -2.42188, 1.74334
1805,0.0977222, -0.383012, -9.66438,-0.0661799, -0.0215878, -0.13322,-0.346135, -0.186491, 0.482723
1810,-0.0290114, -0.364482, -9.96453,-0.081594, -0.0237057, -0.133829,0.0970639, 1.39267, -1.69595
1815,0.0607921, -0.420155, -9.69558,-0.0880325, -0.0225679, -0.132753,0.117184, -1.86996, -0.646744
1820,-0.0202507, -0.375885, -9.90751,-0.0940311, -0.024044, -0.132334,-0.623704, -0.679644, 1.00542
1825,0.0913054, -0.352505, -9.7091,-0.0973504, -0.021617, -0.133007,-0.517959, -0.950366, -0.240044
1830,0.0285495, -0.365144, -9.88864,-0.0957161, -0.0242468, -0.134351,0.951396, 0.0288652, -0.0685104
1835,-0.0489878, -0.33266, -9.75113,-0.0947593, -0.0250114, -0.133107,0.705402, 2.8077, 0.38675
1840,0.0965989, -0.353795, -9.86614,-0.0758225, -0.0202974, -0.13465,-1.30934, -0.804308, -1.0601
1845,-0.0251849, -0.347705, -9.68558,-0.0562888, -0.0291327, -0.131858,-0.666468, 1.23989, -1.39885
1850,0.0558187, -0.360692, -9.90776,-0.0284196, -0.0252955, -0.13482,-0.684946, -2.40721, -1.30361
1855,-0.0549192, -0.343264, -9.71111,0.00080052, -0.0286123, -0.131511,1.09895, 1.16978, 1.38478
1860,0.0596053, -0.389104, -9.90807,0.0289954, -0.0295122, -0.133148,-0.766911, 1.36368, -1.97195
1865,-0.0351818, -0.359027, -9.73068,0.0418422, -0.0279004, -0.127163,-0.0983675, 1.08682, 0.0831197
1870,-0.0311633, -0.345697, -9.79962,0.0566643, -0.0272974, -0.132497,-0.425727, 0.764, 2.75611
1875,0.043805, -0.374826, -9.71275,0.0630715, -0.0242938, -0.131935,-0.494362, 0.24, -0.591949
1880,-0.0390455, -0.314202, -9.89281,0.056773, -0.0248813, -0.136577,-0.592156, 0.3733, 1.01281
1885,0.0513402, -0.375818, -9.75444,0.047917, -0.021821, -0.133161,-0.950726, -0.597735, 1.12446
1890,-0.0293869, -0.327876, -9.91359,0.0232902, -0.0243558, -0.133058,-1.81537, -0.566851, 1.37514
1895,0.0111162, -0.286475, -9.75703,0.00253204, -0.0241922, -0.130956,-0.430737, 1.62201, -0.711237
1900,-0.0457218, -0.336556, -9.91563,-0.0301349, -0.0264173, -0.133881,-0.743702, 0.116036, -1.57257
1905,0.0406519, -0.356071, -9.73535,-0.0692659, -0.0244457, -0.129271,0.0402295, -0.585987, -0.333519
1910,0.0541182, -0.369222, -9.84349,-0.0851758, -0.0284272, -0.13598,-0.911978, -0.207958, 0.661085
1915,-0.0576429, -0.375808, -9.68166,-0.0903986, -0.0265188, -0.135142,-0.792958, 0.0741866, -0.403418
1920,0.0550271, -0.334356, -9.85714,-0.0889309, -0.0253649, -0.12865,2.08194, -0.621871, 0.552915
1925,-0.0215475, -0.336002, -9.70176,-0.0756111, -0.0270291, -0.132323,1.22432, -0.38525, -0.885505
1930,0.04393, -0.343072, -9.88894,-0.0493306, -0.0129532, -0.128114,-0.107265, 1.39443, 1.03261
1935,0.129227, -0.341404, -9.6979,-0.0146084, 0.0054368, -0.115653,-1.22748, 1.48024, 0.25315
1940,0.100808, -0.366835, -9.88681,0.0243644, 0.0312968, -0.0981269,0.632981, 0.64352, 1.22227
1945,-0.0113512, -0.40811, -9.72187,0.0589154, 0.0337746, -0.0970514,-2.22591, -0.706984, -0.764144
1950,-0.022396, -0.374149, -9.9222,0.0829188, 0.0400878, -0.0944249,-1.1582, -1.01201, -0.0969669
1955,-0.0197912, -0.32782, -9.70117,0.0870289, 0.0407682, -0.0931436,0.449595, -1.0694, 0.261398
1960,-0.0602485, -0.316726, -9.92498,0.0877037, 0.0382797, -0.0934955,1.0133, -0.49692, 1.23958
1965,-0.0455758, -0.35392, -9.71569,0.0878569, 0.0422164, -0.0954661,0.709472, -1.29593, 0.948099
1970,-0.0249889, -0.317183, -9.89438,0.079232, 0.0408912, -0.0969332,-0.573171, 0.320959, -0.493519
1975,0.00911331, -0.384751, -9.75535,0.0701827, 0.0401108, -0.0959342,-0.476574, 0.756548, 1.00961
1980,0.0216365, -0.346385, -9.89876,0.0612221, 0.042362, -0.0927705,0.231656, -1.8025, 1.77132
1985,0.0575063, -0.396184, -9.72387,0.0563423, 0.0372795, -0.096455,2.82678, 0.312704, 1.95316
1990,-0.0486939, -0.336083, -9.85201,0.0447089, 0.0366186, -0.0918597,0.388303, 0.0522171, 0.020104
1995,0.0593067, -0.381223, -9.7063,0.0286837, 0.0363024, -0.0929201,-1.65459, 0.917367, -1.96222
2000,0.0181898, -0.361283, -9.88201,0.0115645, 0.0342232, -0.0889346,1.99883, 1.40403, 1.44015
2005,0.0722297, -0.372109, -9.72464,-0.0182157, 0.0395123, -0.0976989,0.768509, -0.790799, -0.295158
2010,0.0695829, -0.362977, -9.88376,-0.0470699, 0.0347033, -0.0969085,0.324821, -0.904529, 0.166585
2015,-0.00871567, -0.411923, -9.68381,-0.0732245, 0.0329516, -0.0951279,-0.431498, 0.841023, 0.467499
2020,0.0913714, -0.359832, -9.91725,-0.0958809, 0.0352932, -0.091461,0.190955, -0.247475, 0.398935
2025,0.0215288, -0.384684, -9.72399,-0.117358, 0.0350514, -0.0931878,1.81842, -0.310967, 0.845581
2030,0.0819762, -0.334151, -9.88138,-0.12973, 0.036315, -0.0943446,0.395388, -0.353374, -0.605772
2035,0.0104391, -0.34923, -9.70586,-0.140989, 0.039374, -0.0972066,1.71396, 0.274154, -0.402312
2040,0.093998, -0.346979, -9.87901,-0.152819, 0.0395124, -0.0946233,0.0932963, -0.159389, -0.671241
2045,0.0296568, -0.301763, -9.69108,-0.151874, 0.0389691, -0.0908929,0.97195, -0.37513, -1.27603
2050,0.0451179, -0.360961, -9.92432,-0.143399, 0.0362853, -0.0909722,-0.804676, -0.420034, 0.670162
2055,-0.00224273, -0.309172, -9.70565,-0.13438, 0.0346101, -0.0926381,-0.571398, 0.802999, 1.0816
2060,-0.0348841, -0.337029, -9.88272,-0.114607, 0.0255091, -0.0886072,0.310189, -0.5638, 0.189689
2065,-0.0997114, -0.305411, -9.77029,-0.0851192, 0.00220719, -0.0748477,0.980103, 1.43727, -0.51059
2070,-0.159866, -0.340401, -9.86701,-0.0452956, -0.0332508, -0.0504864,1.11545, -2.47422, 0.497251
2075,-0.06031, -0.317726, -9.72863,-0.00239157, -0.0586537, -0.0348525,-1.59327, 1.17398, -1.49145
2080,0.133928, -0.317101, -9.93553,0.0413087, -0.0660714, -0.0306144,0.324067, -0.184916, -1.78324
2085,0.0597208, -0.307906, -9.72488,0.0776785, -0.0643795, -0.03122,1.85661, -0.774414, 0.0105657
2090,0.0778163, -0.323074, -9.85813,0.101247, -0.0655531, -0.0341254,-0.84759, 0.488086, 0.527444
2095,0.0658082, -0.317554, -9.71991,0.11317, -0.065036, -0.0322715,1.47535, 0.141921, 0.229117
2100,0.0777679, -0.305429, -9.87893,0.120038, -0.0626309, -0.0320199,0.761294, -0.0611872, 0.212518
2105,0.0764845, -0.335428, -9.71381,0.117103, -0.0655236, -0.0303965,0.438316, 1.71809, 0.957807
2110,0.100869, -0.324013, -9.90439,0.118199, -0.0631374, -0.0325807,0.191976, -0.799644, 0.157201
2115,0.088601, -0.341335, -9.69259,0.121038, -0.0643423, -0.0353916,0.375031, -0.666858, -1.42863
2120,0.0514846, -0.311148, -9.90435,0.119481, -0.0633037, -0.0301609,0.310761, -0.894762, -0.401234
2125,0.0408082, -0.314409, -9.73514,0.112516, -0.0642303, -0.0289525,0.279171, 0.103078, -1.26141
2130,0.0147535, -0.334866, -9.89634,0.108099, -0.0699803, -0.0307016,-1.7858, 1.3304, -1.71425
2135,0.074516, -0.408608, -9.72541,0.0970968, -0.0679821, -0.0315368,-1.52202, -1.03644, -0.173027
2140,0.0241239, -0.366948, -9.9071,0.0759274, -0.0680749, -0.0360334,-0.285692, -0.144711, -0.120517
2145,0.0534201, -0.412628, -9.71981,0.0503669, -0.0664552, -0.0330422,-0.607093, 0.284212, -0.144629
2150,-0.0322607, -0.41652, -9.93489,0.0187067, -0.0652703, -0.0347327,-1.50547, 1.94284, 0.0131422
2155,0.0409024, -0.395785, -9.67484,-0.0236785, -0.0679012, -0.0341545,0.2307, 0.202474, 1.33307
2160,-0.0776466, -0.338682, -9.86174,-0.0583749, -0.0676273, -0.0316238,-0.932648, -0.553139, -1.20399
2165,0.00383845, -0.357593, -9.71621,-0.0914728, -0.0648621, -0.0315438,0.347936, -1.32589, 0.476761
2170,-0.0130226, -0.323506, -9.87013,-0.119249, -0.0616249, -0.0323817,-0.0557932, 0.456615, -0.528049
2175,0.0139893, -0.359148, -9.68127,-0.134766, -0.064382, -0.0322472,0.39557, -1.10523, -0.838497
2180,-0.0676663, -0.35109, -9.8585,-0.144452, -0.0684175, -0.0296619,0.39325, -0.321731, -0.938926
2185,0.0313054, -0.320728, -9.71685,-0.150229, -0.0679561, -0.0334939,0.277107, -1.84282, 1.3898
2190,-0.0568755, -0.347704, -9.89237,-0.147056, -0.0604794, -0.0313623,-0.110895, 0.808375, 0.974542
2195,-0.0506029, -0.3218, -9.7109,-0.146126, -0.052437, -0.0383045,1.90958, 1.27079, 0.109965
2200,-0.156997, -0.288905, -9.87889,-0.129555, -0.0232164, -0.0573012,-1.0142, 2.23602, 0.577837
2205,-0.215517, -0.298228, -9.73078,-0.109144, 0.0256991, -0.083539,0.499405, -0.421618, -1.07007
2210,-0.100526, -0.290598, -9.92613,-0.0785841, 0.0533637, -0.10354,-0.300214, 0.176141, -0.351377
2215,0.00135989, -0.283645, -9.70328,-0.0510892, 0.0572727, -0.110308,-0.0795619, -2.18741, 0.0463263
2220,0.0352913, -0.312424, -9.87514,-0.0189892, 0.0580857, -0.110404,-1.28827, -2.34023, -0.369711
2225,-0.00482352, -0.307468, -9.70606,0.0170522, 0.0606693, -0.106883,-1.07929, 0.399371, 0.443685
2230,0.00605615, -0.323512, -9.89939,0.0392272, 0.0630604, -0.110797,-1.03434, 0.148509, 0.0662374
2235,0.0196899, -0.297556, -9.66767,0.0608956, 0.0645992, -0.10904,-1.65246, 2.33063, 0.474859
2240,0.0466101, -0.274588, -9.9134,0.0662129, 0.0586313, -0.107902,1.18528, 1.18163, 0.75369
2245,0.064317, -0.348546, -9.73802,0.0682681, 0.0558052, -0.106867,0.371733, 0.361805, 0.455872
2250,0.00583171, -0.341821, -9.89539,0.0725353, 0.0600801, -0.106187,-0.0832272, -0.982976, -1.5565
2255,0.013882, -0.307776, -9.68296,0.0746027, 0.0571348, -0.106059,0.35907, -1.39468, -0.673136
2260,0.0468492, -0.320403, -9.8703,0.0694438, 0.0603329, -0.11028,0.412976, 1.17316, -0.165675
2265,0.021795, -0.324634, -9.71542,0.0673814, 0.0629774, -0.107943,-1.45582, -1.34342, -0.0588916
2270,0.0257359, -0.377537, -9.9402,0.0633873, 0.059008, -0.110767,1.58022, -0.0848051, -0.367624
2275,0.02326, -0.317186, -9.73274,0.0502714, 0.0580538, -0.105842,-0.971888, -1.58338, -0.173256
2280,0.0851002, -0.328782, -9.90271,0.029999, 0.0603825, -0.109489,0.417477, 0.540385, -1.21692
2285,-0.0532397, -0.346864, -9.72384,0.00547319, 0.0602301, -0.108748,-1.56468, 1.48611, -1.11833
2290,-0.0063018, -0.320934, -9.91327,-0.0246893, 0.0589112, -0.103949,-1.0985, -0.164406, -0.88355
2295,0.0559334, -0.266828, -9.716,-0.0540504, 0.0561411, -0.107625,-2.73702, -1.54916, -1.32756
2300,-0.030889, -0.351982, -9.86955,-0.0776623, 0.0632008, -0.108849,1.22659, 1.53018, 0.334033
2305,0.00652108, -0.299745, -9.70818,-0.0930108, 0.0588521, -0.107357,-0.341638, -0.95593, -0.450142
2310,0.0202423, -0.357231, -9.92253,-0.103267, 0.0600512, -0.106361,-0.534042, -1.91574, -0.91626
2315,0.0668642, -0.3141, -9.67931,-0.105234, 0.0573067, -0.107826,-0.136174, -0.509083, 0.756888
2320,0.000178939, -0.322439, -9.92724,-0.108701, 0.058794, -0.108588,0.15085, -1.44086, 1.16755
2325,0.0174475, -0.343245, -9.73281,-0.101613, 0.0587785, -0.103727,-1.7651, -0.868569, 0.735207
2330,-0.0544994, -0.299228, -9.90147,-0.0889, 0.0346894, -0.0986417,-0.33364, 0.782881, -0.49244
2335,-0.148392, -0.283789, -9.67507,-0.0650324, 0.0125202, -0.081999,-0.0453172, 0.514314, -0.716379
2340,-0.167234, -0.259689, -9.91716,-0.038704, -0.0239017, -0.055517,1.2103, -1.40495, 0.444528
2345,-0.213276, -0.30291, -9.69638,-0.00101012, -0.0708919, -0.0264714,-0.434434, -0.278762, 0.61028
2350,-0.198596, -0.32914, -9.88311,0.0493112, -0.1166, -0.00208017,-0.0164167, 0.0778978, -0.432225
2355,0.0163693, -0.288613, -9.73363,0.0916791, -0.132117, 0.014527,-0.894004, 0.788687, 0.522806
2360,0.0521078, -0.308279, -9.92116,0.11867, -0.134829, 0.00905527,1.04636, -0.639087, -0.559629
2365,0.0519474, -0.326552, -9.71183,0.139228, -0.131659, 0.0110237,-0.452083, -0.0281774, 0.954278
2370,0.0573034, -0.304842, -9.88016,0.148663, -0.136794, 0.0134327,0.127454, 0.156625, 1.17171
2375,0.0141536, -0.383322, -9.68217,0.152963, -0.135408, 0.0105981,-0.953255, -0.0508109, -0.352966
2380,0.0678875, -0.331655, -9.90683,0.150676, -0.132591, 0.0145929,0.469117, 0.513157, 1.75064
2385,0.0325724, -0.333308, -9.67102,0.147928, -0.136514, 0.00676428,-0.414537, 0.112953, -1.83308
2390,0.0362497, -0.36523, -9.91416,0.143509, -0.135411, 0.00839642,1.37849, 0.284117, -0.766867
2395,0.00179006, -0.309813, -9.71373,0.134108, -0.137999, 0.0133182,-0.356306, -0.711794, -1.04342
2400,0.0161085, -0.362527, -9.92599,0.122975, -0.137824, 0.0107055,0.994438, 0.689984, -1.09322
2405,-0.0154875, -0.389237, -9.68964,0.113396, -0.137412, 0.0136334,0.536913, -0.0887821, 1.77448
2410,-0.0271634, -0.326841, -9.89427,0.0912586, -0.138963, 0.0102094,0.183163, -0.527836, 0.113261
2415,0.0389127, -0.427443, -9.73708,0.0686656, -0.13744, 0.0142388,-0.141498, 0.296254, 0.611518
2420,0.000393041, -0.432403, -9.91141,0.0334254, -0.138521, 0.0149697,-1.09461, -0.293899, 0.199287
2425,-0.0178985, -0.339234, -9.71608,-0.00165078, -0.133285, 0.0139627,-1.2444, 0.311202, 0.669172
2430,-0.00563929, -0.368901, -9.92494,-0.0405981, -0.13591, 0.00931959,0.923487, -0.415904, -0.125448
2435,-0.0781686, -0.343674, -9.71384,-0.0697365, -0.130257, 0.010116,1.71695, -0.350754, 0.880928
2440,-0.0725057, -0.344866, -9.89951,-0.0926148, -0.135588, 0.0107332,1.17315, 1.18777, 0.116075
2445,-0.0719319, -0.369491, -9.7007,-0.1129, -0.134949, 0.01534,0.625023, 1.10108, -1.08521
2450,-0.0351453, -0.323772, -9.86185,-0.120775, -0.137033, 0.0142509,-1.05125, 1.76336, -0.859872
2455,-0.112156, -0.399079, -9.71014,-0.125346, -0.136116, 0.00690657,0.292878, -0.180632, 0.661592
2460,-0.109829, -0.335663, -9.90446,-0.123348, -0.134837, 0.0165355,1.64469, -0.291753, 0.541558
2465,-0.147401, -0.389977, -9.90871,-0.11794, -0.127801, 0.00676393,1.19377, 0.510413, -2.36726
2470,-0.187501, -0.336291, -9.69428,-0.0964446, -0.12402, -0.000401821,0.168008, -1.61318, -1.21597
2475,-0.34379, -0.347088, -9.89029,-0.0839752, -0.0926531, -0.0135126,-0.374669, -2.8321, -0.228222
2480,-0.388424, -0.317648, -9.69207,-0.0487435, -0.0487201, -0.0403635,-0.783006, 1.77406, 0.131458
2485,-0.369908, -0.348189, -9.8878,-0.0148165, -0.00538312, -0.0708576,-0.214683, -0.61868, -0.586169
2490,-0.328948, -0.373389, -9.70248,0.0372447, 0.0373576, -0.0898895,-0.47829, 0.0206062, -0.726448
2495,-0.135823, -0.371111, -9.86219,0.0833106, 0.0484042, -0.110368,-0.685117, 0.736434, -0.857565
2500,-0.0887493, -0.337294, -9.65622,0.116931, 0.0566206, -0.105057,-0.462747, -1.43181, -0.839009
2505,-0.098427, -0.339241, -9.88178,0.129325, 0.0540292, -0.108891,-1.14851, 0.270492, 0.00370486
2510,-0.0346381, -0.341881, -9.9124,0.138422, 0.0556291, -0.105832,-0.525843, 1.09676, -0.762072
2515,-0.0868228, -0.377705, -9.71502,0.137854, 0.0597635, -0.109657,0.919972, 0.747631, -0.370395
2520,-0.0885393, -0.369107, -9.9158,0.136908, 0.0566404, -0.106528,0.353142, -0.304176, 0.842527
2525,-0.0633968, -0.364445, -9.73197,0.13621, 0.0600236, -0.104724,0.206124, -1.46763, -1.43792
2530,-0.0991538, -0.409664, -9.87521,0.128637, 0.0555965, -0.109233,0.566133, -0.404369, 1.56076
2535,-0.0387621, -0.371076, -9.72601,0.12109, 0.0577935, -0.106595,-0.0268697, -0.127354, -0.746337
2540,-0.0903023, -0.409904, -9.90919,0.111564, 0.0575424, -0.107416,-0.742535, -1.25855, -0.200862
2545,-0.0340429, -0.414917, -9.69198,0.0982469, 0.0559049, -0.105513,-0.91927, -0.860358, -0.0890271
2550,-0.0394269, -0.388274, -9.87958,0.0712643, 0.0523905, -0.102836,0.612188, 0.664765, 0.0298625
2555,-0.0767259, -0.430595, -9.71783,0.0510792, 0.0574017, -0.108626,0.332721, 0.83342, 1.84822
2560,-0.0722196, -0.41922, -9.91527,0.0191315, 0.0579609, -0.104239,0.0885506, 0.771258, 1.82782
2565,-0.0553352, -0.430609, -9.74596,-0.0249572, 0.0544578, -0.104597,-0.250147, -1.12979, -0.27899
2570,-0.073655, -0.377887, -9.90631,-0.0573378, 0.0519322, -0.104582,-0.828312, -0.353794, -0.786657
2575,-0.0567246, -0.381046, -9.72302,-0.0905352, 0.0531972, -0.106206,1.51005, 0.257773, 0.114681
2580,-0.0196603, -0.373102, -9.86951,-0.117, 0.0508902, -0.105809,0.512376, -0.138044, 0.664423
2585,-0.0312357, -0.419136, -9.71484,-0.136749, 0.0555735, -0.102221,-0.693463, -1.06508, -0.945199
2590,-0.0615425, -0.367097, -9.87081,-0.147086, 0.0537015, -0.103002,0.884845, 0.772169, -1.13466
2595,-0.0730516, -0.373737, -9.71723,-0.152676, 0.0552036, -0.106818,2.23238, -0.181248, -1.24569
2600,-0.0391859, -0.35119, -9.86104,-0.147175, 0.0580379, -0.105442,0.198124, 0.908958, -0.864092
2605,-0.0337286, -0.365101, -9.71525,-0.140118, 0.0505567, -0.109907,-0.876259, 0.170184, 0.388088
2610,-0.12399, -0.340383, -9.94325,-0.124462, 0.0386971, -0.0965889,0.473076, -0.327667, 1.64412
2615,-0.245486, -0.306812, -9.77424,-0.10222, 0.0068742, -0.0792114,0.0240279, 0.372129, 0.426855
2620,-0.220449, -0.339726, -9.86153,-0.0676215, -0.022286, -0.0589551,-1.40809, 1.62818, 0.656652
2625,-0.22432, -0.323242, -9.6772,-0.0224599, -0.0532733, -0.0331646,0.338115, -1.44581, 0.784985
2630,-0.208275, -0.354202, -9.91049,0.0246907, -0.0797506, -0.0201255,0.949, 1.23648, -0.352774
2635,-0.0771936, -0.326421, -9.75595,0.0778033, -0.101032, -0.0106534,-1.22419, -0.657083, 0.0717391
2640,-0.0456633, -0.395006, -9.88792,0.109229, -0.100617, -0.012437,0.0664383, 0.676314, -0.954087
2645,-0.0304029, -0.344289, -9.73089,0.137119, -0.103993, -0.00907296,0.252024, -0.4286, -0.589305
2650,-0.0819937, -0.327018, -9.90577,0.146911, -0.0993807, -0.00894808,1.91709, 0.182744, 0.194104
2655,-0.0238938, -0.391121, -9.7108,0.148981, -0.0998787, -0.00975537,-0.54127, 0.0815727, 0.39122
2660,-0.0404735, -0.380702, -9.91246,0.137082, -0.0980348, -0.0107248,-0.488319, -0.0158169, -2.58193
2665,0.00294605, -0.378746, -9.67465,0.119844, -0.104305, -0.0053256,0.478633, -2.71506, 0.747896
2670,-0.0815417, -0.381266, -9.89635,0.0932202, -0.0993371, -0.0139422,0.0165906, -0.279038, -0.54786
2675,-0.0743146, -0.390076, -9.69344,0.0518022, -0.103278, -0.0087256,-1.24459, -0.737899, -0.66534
2680,-0.16393, -0.423004, -9.93355,0.00442267, -0.0953924, -0.00642709,1.31989, -0.375194, -0.891076
2685,-0.21868, -0.385825, -9.70919,-0.0523003, -0.0745546, 0.0109344,-0.561815, 0.110444, 0.79797
2690,-0.16347, -0.4164, -9.88158,-0.098284, -0.0616812, 0.0170812,-0.959507, 0.722883, 0.0797672
2695,-0.0547811, -0.391921, -9.73298,-0.121224, -0.0585947, 0.0164694,-0.459484, -0.824899, 0.656789
2700,-0.0569071, -0.34735, -9.8469,-0.134385, -0.0618654, 0.0123277,-1.1895, -0.648978, -0.493121
2705,-0.105619, -0.393688, -9.68897,-0.127344, -0.056913, 0.0180268,0.507913, -0.645529, -0.0157716
2710,-0.116565, -0.352356, -9.69454,-0.118506, -0.0652568, 0.018981,0.887225, -0.931141, -0.0621694
2715,-0.112097, -0.391176, -9.89786,-0.0906067, -0.0586639, 0.0194456,0.712007, -0.769967, -1.29213
2720,-0.0793401, -0.331169, -9.71378,-0.0700501, -0.0617197, 0.0143798,-0.0987533, -0.691299, -1.08344
2725,-0.0874844, -0.359234, -9.84106,-0.0407321, -0.0586946, 0.0161776,0.970339, 0.385199, 0.0218233
2730,-0.07236, -0.355983, -9.70544,0.00131792, -0.0602685, 0.0154081,2.61651, -1.25056, 1.59378
2735,-0.0973171, -0.322684, -9.87717,0.0310828, -0.0592017, 0.0164435,0.463797, 0.263288, -1.24931
2740,-0.111396, -0.344787, -9.69278,0.0542051, -0.0646699, 0.0220927,0.636988, -0.146696, -0.319207
2745,-0.139772, -0.369451, -9.88621,0.0566066, -0.0602373, 0.0195728,-0.141463, 1.59531, 0.0127376
2750,-0.129064, -0.358674, -9.75708,0.0579601, -0.0598981, 0.0152856,0.445906, 1.94444, 0.81201
2755,-0.0911584, -0.342062, -9.87667,0.0424081, -0.0633485, 0.0199648,0.418482, -0.402846, -1.12817
2760,-0.12308, -0.332828, -9.72076,0.0222744, -0.054556, 0.0125458,-0.226018, 0.237817, 0.112692
2765,-0.187122, -0.353855, -9.90388,-0.0110508, -0.0558277, 0.0154388,0.107622, 0.0438123, -0.990889
2770,-0.159751, -0.344971, -9.7213,-0.0402, -0.0613156, 0.0205201,-1.06984, 0.500916, -0.594746
2775,-0.108785, -0.40485, -9.88257,-0.0572928, -0.0591882, 0.0168548,-1.17936, -0.201384, 0.0611062
2780,-0.0976152, -0.406249, -9.72717,-0.0681877, -0.0589704, 0.0123737,-1.48396, 0.224537, -1.81121
2785,-0.0808375, -0.361557, -9.9164,-0.0675192, -0.0469403, 0.0154294,0.56645, -1.43691, 1.00523
2790,-0.14718, -0.337039, -9.71221,-0.0571381, -0.0351842, 2.89158e-05,0.0424511, -0.334344, -0.157548
2795,-0.207646, -0.349923, -9.88424,-0.0381744, -0.0268443, -0.00788126,-1.40262, -0.26651, -1.13062
2800,-0.245166, -0.390195, -9.73093,-0.00174927, -0.00795655, -0.0110235,-0.124878, 1.64248, -0.257141
2805,-0.202606, -0.32824, -9.88453,0.0428744, 9.68722e-05, -0.0200332,1.52604, -0.884261, 0.299928
2810,-0.171203, -0.33157, -9.71989,0.0876744, 0.00381982, -0.0153292,1.20073, 0.0728473, 0.622105
2815,-0.127835, -0.33612, -9.86095,0.118701, 0.00426749, -0.0259796,-0.654724, -0.110081, 0.589873
2820,-0.119101, -0.40001, -9.71923,0.137218, -0.00119777, -0.0258459,0.235291, -0.292401, -0.933357
2825,-0.15249, -0.391446, -9.9143,0.141454, 0.00438031, -0.0212009,0.422875, 0.724976, -1.8826
2830,-0.155357, -0.368357, -9.7088,0.134683, 0.00157465, -0.0191249,-0.398909, 0.607948, 0.213041
2835,-0.151417, -0.403824, -9.94415,0.120923, -0.00265868, -0.0217959,-0.347757, 1.26977, 0.228567
2840,-0.170478, -0.377684, -9.68682,0.0902596, 0.00578843, -0.021292,-1.93581, -0.509124, -1.9974
2845,-0.235936, -0.343472, -9.70597,0.0562464, 0.0155847, -0.0177851,0.489953, -0.389998, 0.324135
2850,-0.268322, -0.42491, -9.9316,0.00645314, 0.0353586, -0.00678102,-0.428315, -1.65539, 0.717476
2855,-0.424686, -0.450892, -9.70551,-0.0487039, 0.0694779, 0.0162557,-1.19069, -0.25309, 1.31486
2860,-0.171482, -0.337114, -9.89635,-0.0995821, 0.0844385, 0.0305033,-0.318244, 0.290773, -0.0254707
2865,-0.110258, -0.390447, -9.85834,-0.125813, 0.0804609, 0.0253258,-0.155108, 1.40704, 2.00482
2870,-0.154589, -0.398238, -9.69633,-0.14576, 0.0849451, 0.0287915,0.0186946, -0.114761, 0.162472
2875,-0.12587, -0.34122, -9.89241,-0.154918, 0.0881049, 0.0292271,-0.32233, 0.718068, -0.900158
2880,-0.124075, -0.412876, -9.69331,-0.155216, 0.0842257, 0.0268902,1.72844, 0.628641, -0.568965
2885,-0.151539, -0.344039, -9.90172,-0.149255, 0.0855634, 0.0272656,0.325364, 0.488914, -1.468
2890,-0.0901293, -0.356328, -9.68576,-0.135034, 0.0842571, 0.0301515,0.0153302, 1.54788, 0.137646
2895,-0.0816751, -0.293412, -9.87201,-0.121587, 0.0852683, 0.0274771,0.667884, -0.203402, 1.08515
2900,-0.0924213, -0.314062, -9.68401,-0.110465, 0.0892627, 0.0269477,-0.0611149, -0.367812, 3.07769
2905,-0.083729, -0.338558, -9.9502,-0.102127, 0.0852309, 0.0280127,0.473753, -0.464285, 0.0151742
2910,-0.0811169, -0.2989, -9.72325,-0.0729894, 0.0864423, 0.0274815,-0.734833, 0.279047, 0.824123
2915,-0.0999677, -0.343387, -9.89568,-0.0476214, 0.0876259, 0.0321936,0.640616, 1.1028, 1.65042
2920,-0.0910627, -0.339021, -9.7578,-0.0145313, 0.0846148, 0.0306649,0.784037, -0.143633, 1.27682
2925,-0.0633698, -0.284955, -9.88539,0.0231951, 0.0837635, 0.0304436,1.16019, 0.887898, 0.435957
2930,-0.0744976, -0.314218, -9.72562,0.0609342, 0.0850387, 0.0263492,-0.977941, 0.779742, 0.794098
2935,-0.0929447, -0.349639, -9.93963,0.0906433, 0.0843759, 0.0325946,-0.885785, -1.57152, -1.55901
2940,-0.104549, -0.310322, -9.76703,0.1218, 0.0880916, 0.0298528,0.411225, 0.319197, 0.23914
2945,-0.0788734, -0.323253, -9.88156,0.148574, 0.0868963, 0.025502,-0.196694, 1.09347, -0.343662
2950,-0.101515, -0.366549, -9.68424,0.157856, 0.0873392, 0.0249332,0.400277, -0.544351, -1.79686
2955,-0.0401322, -0.380386, -9.89372,0.159165, 0.0853526, 0.0247805,-0.308802, -1.49944, 1.819
2960,-0.110447, -0.356751, -9.67877,0.165426, 0.0887246, 0.0300803,-0.91637, -0.814586, -1.26977
2965,-0.0642283, -0.39517, -9.8963,0.159642, 0.0851104, 0.0297032,1.94327, -0.599157, 0.281027
2970,-0.125854, -0.417083, -9.68609,0.142273, 0.0797955, 0.0265108,-0.140202, 0.532247, -0.912291
2975,-0.168083, -0.366819, -9.71716,0.123946, 0.0747754, 0.0226264,-0.148507, -0.773, 0.0580028
2980,-0.187291, -0.36004, -9.864,0.0924512, 0.048846, 0.00895605,-1.41799, -0.355843, -0.668619
2985,-0.309061, -0.387355, -9.72205,0.0570063, 0.012244, -0.0136431,1.06783, -0.0507746, 1.47212
2990,-0.179945, -0.371888, -9.85287,0.014747, -0.0173953, -0.0322706,-0.376554, 1.80456, -1.32498
2995,-0.0607301, -0.375123, -9.71017,-0.0272135, -0.0249183, -0.0382092,-0.101383, 0.185012, -1.61264
3000,-0.0329215, -0.385383, -9.93401,-0.0615022, -0.0232639, -0.0384361,0.627685, -1.37056, 0.364139
3005,-0.0640725, -0.376763, -9.70774,-0.0811653, -0.022629, -0.0416037,0.721427, 0.359548, 0.14902
3010,-0.043771, -0.395732, -9.87511,-0.0991234, -0.0269028, -0.041294,1.48262, -1.89757, 0.0089432
3015,-0.0554504, -0.374695, -9.73361,-0.10252, -0.0273926, -0.0403824,0.454506, -0.32538, 1.37654
3020,-0.0639234, -0.346803, -9.7156,-0.10636, -0.0255064, -0.0362873,-0.595127, -1.74836, -0.780492
3025,-0.0635135, -0.366344, -9.87177,-0.103565, -0.0228742, -0.0423841,1.29306, -1.26049, 2.48998
3030,-0.0854047, -0.382532, -9.68713,-0.106181, -0.023718, -0.0423569,2.10991, -2.94314, 0.287807
3035,-0.0702709, -0.394305, -9.86086,-0.101338, -0.0226202, -0.0391573,-0.557385, -1.30095, 0.886102
3040,-0.0505345, -0.339405, -9.70572,-0.0939388, -0.0275037, -0.0385561,2.4076, 0.579795, 0.884817
3045,-0.0667623, -0.358696, -9.89936,-0.0829919, -0.0211484, -0.0358162,1.16351, 2.14193, 0.806911
3050,-0.0470411, -0.342494, -9.71782,-0.071506, -0.0225247, -0.0406388,1.58232, -1.47475, -0.150925
3055,-0.0315877, -0.360046, -9.8917,-0.0476167, -0.0275402, -0.0415466,-0.473126, 2.52918, -0.805417
3060,-0.0695347, -0.354062, -9.70569,-0.0196325, -0.0226018, -0.0433725,-0.566421, 0.179083, -0.0778356
3065,-0.0475724, -0.32711, -9.86472,0.00964967, -0.0269729, -0.0368417,-0.823206, 0.280442, -0.580112
3070,-0.131187, -0.383518, -9.69371,0.0402988, -0.0264228, -0.0421323,0.808286, 0.123528, 0.339203
3075,-0.0400115, -0.28973, -9.92621,0.0666582, -0.0217109, -0.0367431,0.354517, 0.503286, -0.293609
3080,-0.130812, -0.335754, -9.69865,0.0922218, -0.0213527, -0.0401841,-0.156764, 2.80964, -1.5017
3085,-0.06761, -0.371356, -9.88382,0.106471, -0.0239219, -0.0435759,-0.531924, 0.137154, 0.943569
3090,-0.175293, -0.305507, -9.71854,0.113802, -0.019648, -0.0391245,-2.16291, 0.195483, -0.713327
3095,-0.0907472, -0.360072, -9.87579,0.120485, -0.0262732, -0.0384192,0.445945, 0.7927, 1.27764
3100,-0.13614, -0.352214, -9.71613,0.115022, -0.0268022, -0.0408056,-0.841233, 1.77783, -0.0540633
3105,-0.118486, -0.407852, -9.86152,0.105603, -0.0205885, -0.0369302,-0.281892, -1.4435, 1.81192
3110,-0.224678, -0.365985, -9.91083,0.0903599, 0.00404891, -0.0244631,-0.304441, 0.571049, 0.978853
3115,-0.298407, -0.376249, -9.71226,0.0632597, 0.0363287, 0.000450857,1.02338, -1.02689, 0.273867
3120,-0.239388, -0.403772, -9.87494,0.0309754, 0.0691583, 0.0129939,0.322696, -1.49185, -0.249315
3125,-0.163709, -0.404147, -9.71768,-0.00811065, 0.0849997, 0.0335625,-1.30148, -1.84466, -1.90926
3130,-0.0422281, -0.410265, -9.90777,-0.0385796, 0.0930489, 0.0347474,-0.321663, -0.704875, -0.410894
3135,-0.0466802, -0.425273, -9.67817,-0.0569788, 0.0890904, 0.0304347,0.183191, 0.455514, -1.42604
3140,-0.0700898, -0.394579, -9.90919,-0.0673701, 0.092226, 0.0310679,-1.00479, -0.256941, -0.504647
3145,-0.0324497, -0.376465, -9.6774,-0.0720168, 0.0980649, 0.0301804,0.344135, 0.928287, 0.295935
3150,-0.0236979, -0.387124, -9.89733,-0.0722438, 0.0927323, 0.0307759,-2.98046, -1.18528, 0.315062
3155,-0.0248203, -0.400119, -9.67041,-0.0670665, 0.0953668, 0.0282309,-1.46298, 0.489985, 0.474187
3160,-0.0105306, -0.363913, -9.90294,-0.071085, 0.0934361, 0.034687,0.409117, 0.226133, -0.399513
3165,-0.0107146, -0.368033, -9.69636,-0.064326, 0.0966248, 0.0275006,0.161742, -0.467157, -0.519239
3170,-0.0112741, -0.363192, -9.70721,-0.0599561, 0.0915103, 0.0304544,-0.972315, 0.846441, 1.24184
3175,-0.0215228, -0.349563, -9.87725,-0.0478728, 0.0941556, 0.0351371,-0.157925, 0.810134, -0.962238
3180,-0.00644223, -0.377101, -9.71983,-0.0334538, 0.0905181, 0.0343358,1.18266, 1.22816, 0.0996759
3185,0.0135289, -0.315023, -9.88494,-0.0114022, 0.0941185, 0.0344052,-0.914286, -1.40588, 0.888731
3190,0.0365898, -0.338388, -9.70025,0.0183728, 0.0949912, 0.0370515,1.1581, -0.430283, 0.567429
3195,0.00460577, -0.377139, -9.91951,0.0396867, 0.0932339, 0.03638,0.219213, 0.228205, 0.536311
3200,-0.00203737, -0.353433, -9.73828,0.0671295, 0.0941672, 0.036381,0.917316, -0.0916975, 1.15616
3205,0.0398435, -0.378521, -9.71318,0.0788457, 0.0949327, 0.0297676,1.75828, -2.88451, -0.299637
3210,-0.0645856, -0.346812, -9.89201,0.0932206, 0.093882, 0.0312185,-1.55996, -0.795267, 0.44048
3215,0.0395565, -0.373872, -9.71672,0.101605, 0.0922495, 0.0345189,2.08576, 1.13945, 0.318977
3220,-0.0587166, -0.371366, -9.86956,0.0991931, 0.0933287, 0.0334553,0.324862, 1.06924, 1.35643
3225,0.0337786, -0.431264, -9.72552,0.0968806, 0.0908692, 0.0395071,0.9787, 0.325353, -0.992251
3230,-0.0289498, -0.375699, -9.83781,0.0800576, 0.0952581, 0.0331858,0.762446, -0.0814304, -0.617714
3235,-0.0476173, -0.407912, -9.71824,0.065156, 0.0864003, 0.0297282,-0.24785, 0.622548, -0.365475
3240,-0.112471, -0.380661, -9.90911,0.0408927, 0.0661768, 0.0184755,1.0008, -0.523048, 0.967902
3245,-0.198791, -0.439196, -9.68176,0.00686718, 0.0341673, -0.00668086,0.128549, -1.30466, 1.99805
3250,-0.173384, -0.415886, -9.88696,-0.0299053, -0.00680211, -0.027743,0.743184, -0.883394, -0.836373
3255,0.0605599, -0.401758, -9.70482,-0.0714227, -0.0236777, -0.0380783,0.482381, -1.22401, 1.17694
3260,0.0696414, -0.390637, -9.92514,-0.0922495, -0.0225843, -0.0368418,0.021144, 0.57532, 0.161383
3265,0.043088, -0.383604, -9.67654,-0.106464, -0.0232999, -0.0376169,0.36946, -0.220071, 1.33515
3270,0.0658073, -0.378382, -9.90701,-0.114677, -0.0232435, -0.0389847,1.91986, 0.012456, 0.114669
3275,0.0431863, -0.357066, -9.69767,-0.114305, -0.020839, -0.0369671,-0.981036, -0.42515, 0.485366
3280,0.0128294, -0.399231, -9.8649,-0.112173, -0.0208882, -0.0373977,0.294755, 0.224641, -0.380633
3285,0.0493086, -0.339685, -9.84716,-0.109882, -0.0178029, -0.0348547,-0.555377, -1.06114, 0.450485
3290,0.0310223, -0.354579, -9.70594,-0.10716, -0.0196852, -0.0384416,-0.836574, -1.76182, -0.236454
3295,0.0482279, -0.343127, -9.87226,-0.0985196, -0.0218456, -0.0421895,-2.30655, 0.509401, 0.656215
3300,0.0422441, -0.339392, -9.69693,-0.0925199, -0.0220025, -0.0413727,-0.488123, -0.483931, 0.100707
3305,0.0898846, -0.371717, -9.91147,-0.0812366, -0.0204804, -0.0386373,1.29096, 1.42517, 0.0475057
3310,0.0716455, -0.329821, -9.70869,-0.0586814, -0.026352, -0.0407079,0.16999, -0.416806, -0.369359
3315,0.0613017, -0.315581, -9.90621,-0.03119, -0.019609, -0.0387853,0.212104, 0.0496897, 0.307557
3320,0.0617145, -0.348199, -9.70289,0.000530507, -0.0217809, -0.036604,-1.16779, -1.331, 0.172274
3325,0.0721019, -0.343056, -9.8826,0.0258639, -0.0239493, -0.0361628,0.274656, -1.17358, 0.582572
3330,0.0494748, -0.376927, -9.68029,0.0591012, -0.0248397, -0.0380812,-0.79341, 1.70445, 0.375873
3335,-0.0877273, -0.326612, -9.91314,0.0776587, -0.020585, -0.0381202,0.964612, 0.485586, -1.65741
3340,0.0722252, -0.306192, -9.70862,0.0909794, -0.0215079, -0.0388137,1.06302, 0.0197734, -0.518536
3345,-0.0507963, -0.376587, -9.8967,0.10266, -0.0210925, -0.0426384,-0.616619, -0.596019, 2.01293
3350,0.0258766, -0.35848, -9.69055,0.105012, -0.0261632, -0.0385966,-1.17805, 0.887714, -0.923242
3355,-0.0258849, -0.38326, -9.90421,0.0953404, -0.0240036, -0.0365717,-2.61, -1.09023, -0.4448
3360,0.0145228, -0.364421, -9.73994,0.0877955, -0.021761, -0.0364081,0.206277, -1.80457, -0.164975
3365,-0.0626941, -0.343647, -9.68501,0.0773132, -0.0189531, -0.0300594,0.459798, -0.505025, 1.51719
3370,-0.111261, -0.389989, -9.91499,0.0530542, 0.00812601, -0.0214736,1.22074, 0.863818, 0.0431414
3375,-0.116096, -0.401308, -9.70721,0.0204559, 0.0316982, -0.00803584,-1.57412, -1.20262, -0.478192
3380,-0.13859, -0.341912, -9.87595,-0.0234105, 0.0521887, 0.00890382,-0.723205, 2.05747, 0.683206
3385,-0.0281327, -0.34527, -9.69959,-0.0637292, 0.0647169, 0.0127043,-0.0342681, 1.63791, -2.67289
3390,0.0372314, -0.35967, -9.86406,-0.0919068, 0.0673418, 0.0176031,-0.788517, 0.0881959, 0.949916
3395,0.0559928, -0.35667, -9.73663,-0.102875, 0.0664619, 0.0157969,-0.0268861, -0.0628452, -0.719677
3400,0.0316533, -0.375198, -9.74073,-0.107226, 0.068403, 0.0196613,0.30601, 1.87558, 0.560075
3405,0.0125765, -0.354029, -9.91406,-0.107217, 0.0658182, 0.0167008,0.290215, 0.738742, 0.79688
3410,0.0516475, -0.344121, -9.72881,-0.106283, 0.0645472, 0.0183819,-0.374391, -1.24522, -0.695408
3415,0.0420243, -0.316944, -9.88207,-0.0942489, 0.0632151, 0.0145812,1.62752, -1.01172, -0.354681
3420,0.118153, -0.364161, -9.71984,-0.0813882, 0.0622621, 0.0191903,-0.59237, 0.846382, -0.565586
3425,0.0498543, -0.32195, -9.91266,-0.0718592, 0.0701795, 0.0110913,-0.547491, 0.300629, -0.671032
3430,0.0223247, -0.320674, -9.65459,-0.0537284, 0.0702418, 0.0137392,0.970785, -0.471914, -0.780519
3435,0.0683745, -0.338069, -9.93288,-0.0308438, 0.0648545, 0.0184972,-0.193575, 0.244343, -0.992935
3440,0.0130436, -0.320288, -9.71147,-0.00700352, 0.0682651, 0.0100754,-1.50297, 0.0895054, -0.504404
3445,0.07691, -0.331849, -9.87534,0.0205809, 0.065139, 0.015877,1.7089, -2.13968, -0.989312
3450,-0.0334697, -0.34496, -9.74481,0.0513758, 0.0643613, 0.0172249,0.239291, 0.178497, 0.195853
3455,0.0895886, -0.323118, -9.89887,0.0864549, 0.0598511, 0.021161,1.35663, -0.796145, 0.512734
3460,0.0345517, -0.31777, -9.69334,0.0912899, 0.0648805, 0.0201859,-0.99922, 0.97555, -0.469816
3465,0.137523, -0.325649, -9.91624,0.117115, 0.0673374, 0.0152569,0.740866, -0.828697, 0.391337
3470,0.014864, -0.369779, -9.71849,0.128541, 0.0673653, 0.0199821,0.347459, -0.376476, -0.850861
3475,0.0559191, -0.378827, -9.89591,0.132071, 0.0676401, 0.0178986,-1.18172, 0.429333, -0.931606
3480,0.0231288, -0.349354, -9.91945,0.132439, 0.062879, 0.0174721,0.646721, -1.62535, 0.915926
3485,0.125897, -0.327203, -9.70533,0.117947, 0.0656855, 0.0167269,0.48932, 0.389757, 1.66653
3490,-0.0268585, -0.41307, -9.90322,0.10966, 0.069196, 0.0165334,0.309901, 1.31837, -1.5415
3495,0.115241, -0.385704, -9.69924,0.0821476, 0.0630466, 0.0146762,1.34258, -0.207748, 0.730697
3500,-0.0235138, -0.406177, -9.89234,0.0589822, 0.0708011, 0.0128673,0.757724, 0.52014, -0.333677
3505,0.0567371, -0.416784, -9.70289,0.0217156, 0.0552725, 0.00920416,1.08228, 0.772328, -1.75977
3510,-0.00160268, -0.428875, -9.89251,-0.0277938, 0.043218, -0.00248439,0.254254, 2.29063, 1.04445
3515,0.0963698, -0.387879, -9.72034,-0.0754741, 0.0346547, -0.00861211,0.898131, -1.37624, 2.38515
3520,0.0738399, -0.391439, -9.90405,-0.10953, 0.0343987, -0.00702331,0.996365, 0.527703, 0.0416519
3525,0.106035, -0.349895, -9.71282,-0.135373, 0.0322293, -0.00335523,-0.653706, 0.652946, 1.94489
3530,0.0290318, -0.367206, -9.92556,-0.148215, 0.0384339, 0.00282389,-0.718797, -1.22947, -0.773729
3535,0.120056, -0.33543, -9.70203,-0.154313, 0.0350565, -0.00062658,0.144305, 1.49139, 0.458008
3540,0.046582, -0.277714, -9.68671,-0.15058, 0.0412593, -0.0044246,-0.0934317, -0.569701, -0.234316
3545,0.124824, -0.323469, -9.93955,-0.134665, 0.0354436, -0.00483815,-0.202964, 1.22195, 0.449437
3550,0.0550932, -0.33171, -9.71485,-0.11058, 0.0343721, -0.00569425,-0.629463, 0.565273, -0.985504
3555,0.129776, -0.320106, -9.90006,-0.08426, 0.0354452, -0.00232069,1.1254, 2.20649, 0.795392
3560,0.0138674, -0.3112, -9.7614,-0.0463897, 0.0357125, -0.0027739,-0.372485, -1.00908, -0.327817
3565,0.0509307, -0.343887, -9.90056,0.00266029, 0.0236228, 0.00184291,0.607297, -0.504584, -1.32645
3570,0.0423055, -0.353978, -9.70942,0.0475241, 0.0148843, 0.0121067,0.518364, 0.0439909, -0.270993
3575,0.141956, -0.365581, -9.94931,0.0783485, 0.0125384, 0.0135819,1.84513, -1.14807, -0.83556
3580,0.110489, -0.334679, -9.69177,0.0937137, 0.00639657, 0.0139839,-0.64446, 1.6835, -0.356169
3585,0.104826, -0.36042, -9.87808,0.102531, 0.00971254, 0.0127867,0.0321465, -1.50834, 1.23495
3590,0.0771065, -0.356582, -9.70895,0.0966579, 0.00931945, 0.0142673,-0.767122, -0.0723013, 0.13145
3595,0.121953, -0.402883, -9.93647,0.0806119, 0.00931305, 0.00986252,1.10506, -2.01967, 0.00327998
3600,0.0704469, -0.348736, -9.70492,0.057692, 0.00954755, 0.0116941,-0.213941, 0.349011, 0.732535
3605,0.143807, -0.359155, -9.94294,0.024081, 0.00905487, 0.0151365,0.132112, -1.62128, -1.46358
3610,0.0498427, -0.367482, -9.90251,-0.0160017, 0.0110433, 0.0131974,-0.799565, -0.551968, 0.159703
3615,0.0681895, -0.384044, -9.87348,-0.0559244, 0.011939, 0.0180072,0.828649, -1.48423, -1.30072
3620,0.153215, -0.345372, -9.71964,-0.0725821, -0.00818146, 0.00310442,-0.0819116, 1.12768, 0.863479
3625,0.113201, -0.308372, -9.89459,-0.0826764, -0.0209706, -0.00474575,-1.00213, 0.161748, 0.191184
3630,0.166994, -0.286746, -9.64625,-0.0804031, -0.0373977, -0.0174392,0.748121, 1.15655, -1.2556
3635,0.0898734, -0.302762, -9.9001,-0.073519, -0.0377234, -0.0164823,-1.03058, 0.661864, -0.579033
3640,0.0663037, -0.334297, -9.67834,-0.0406855, -0.0427913, -0.0230667,0.315784, 0.180632, 0.586485
3645,0.0909378, -0.277826, -9.92606,-0.0191546, -0.037135, -0.01864,2.28416, -0.153279, 1.98826
3650,0.0588165, -0.357271, -9.73935,0.0120478, -0.0407839, -0.0121882,0.774943, -1.03919, 0.303536
3655,0.123971, -0.344796, -9.85994,0.0377091, -0.0429146, -0.0147696,0.663306, 1.37587, -1.98783
3660,0.0452053, -0.355885, -9.69831,0.0427204, -0.0423101, -0.0161104,0.820292, 0.304697, -1.00814
3665,0.144917, -0.340353, -9.91409,0.0522164, -0.043332, -0.0200098,-0.233296, -0.564926, -0.653904
3670,0.0730416, -0.319495, -9.72166,0.038227, -0.0407825, -0.014755,-1.06528, 2.47347, 1.04525
3675,0.136043, -0.360648, -9.86148,0.0255279, -0.0401671, -0.020943,-0.34168, 0.113649, -0.670916
3680,0.0758338, -0.346284, -9.68957,0.0146153, -0.0385163, -0.0176162,-0.975036, 1.73285, -0.0366268
3685,0.147557, -0.355676, -9.89681,-0.00345491, -0.0420928, -0.013499,1.6461, 1.0738, 0.610903
3690,0.0388504, -0.341192, -9.69404,-0.023339, -0.0392533, -0.0154703,2.30015, -1.61767, -0.00273982
3695,0.110498, -0.351601, -9.91065,-0.033851, -0.0357222, -0.0137447,0.855536, -0.732519, -1.01273
3700,0.0169009, -0.356792, -9.6918,-0.0343652, -0.0436486, -0.015855,-0.146781, 1.64082, 0.194296
3705,0.0971478, -0.359644, -9.92192,-0.0316562, -0.038095, -0.0203885,0.123121, 0.704385, -1.30561
3710,0.0706033, -0.350695, -9.73638,-0.018059, -0.0377402, -0.0154226,0.108364, 0.744359, 0.376368
3715,0.0904804, -0.311767, -9.86091,0.00561636, -0.042267, -0.0153882,1.04382, 0.778633, 2.18068
3720,0.054406, -0.34403, -9.69364,0.0268212, -0.0404313, -0.0127313,-0.212752, -0.706922, -0.791674
3725,0.139748, -0.34194, -9.86418,0.0384323, -0.0375205, -0.0167994,1.25246, -0.397391, 1.10405
3730,0.0220958, -0.338652, -9.70471,0.0451047, -0.035838, -0.0141149,-0.705985, 0.281929, -0.602416
3735,0.032919, -0.355348, -9.88649,0.0442038, -0.0377237, -0.0137037,-0.230004, -0.910357, -1.20054
3740,0.0216912, -0.356408, -9.70963,0.0309657, -0.0413792, -0.0196035,-1.20482, -0.607576, -1.52642
3745,-0.00701084, -0.386246, -9.95373,0.017735, -0.030027, -0.0111651,-2.24544, -0.815782, 0.868008
3750,-0.049874, -0.378767, -9.69639,-0.0107492, -0.0112671, 0.00198061,-0.651336, -1.08813, 0.222477
3755,0.0560467, -0.325216, -9.86404,-0.0327085, -0.00587623, 0.00819065,-1.90349, -0.219774, -0.434116
3760,0.100766, -0.315312, -9.71704,-0.0467346, -0.00144331, 0.00569695,-1.71895, -0.0283224, -0.467312
3765,0.140464, -0.378878, -9.88331,-0.0435959, -0.000539363, 0.00692181,-0.00830988, -2.67797, -0.874259
3770,0.0708609, -0.307775, -9.76985,-0.0422959, 0.00147217, 0.00567985,-0.110168, 0.71078, -0.527122
3775,0.128775, -0.26519, -9.88539,-0.020321, 0.000477255, 0.00795231,-0.592708, 0.171004, 0.624629
3780,-0.013111, -0.32786, -9.71353,0.00644067, 0.000616837, 0.00640329,-0.0244199, -0.409941, 0.163091
3785,0.0998492, -0.356266, -9.90708,0.0273195, -0.00297287, 0.00732274,0.804394, 0.154504, 0.212936
3790,-0.00897825, -0.380275, -9.69978,0.0276673, 0.00324452, 0.00173514,-1.74902, -0.980316, 2.04868
3795,0.0615906, -0.351159, -9.9217,0.0269315, 0.00542138, 0.0053089,0.098782, 0.682623, 0.126235
3800,0.0202599, -0.308335, -9.74211,0.00229773, -0.0010951, 0.0044004,1.2615, -1.70162, 0.976864
3805,0.106431, -0.329732, -9.93108,-0.0305377, -0.0138205, 0.0133359,-0.202537, 0.424965, -0.131989
3810,0.0176042, -0.301161, -9.67431,-0.0563528, -0.0102335, 0.0165867,0.599677, -0.401138, -0.467054
3815,0.10973, -0.299772, -9.90185,-0.0687344, -0.00958919, 0.0182445,0.678603, 0.947775, 0.12249
3820,0.0262484, -0.338085, -9.75181,-0.0679527, -0.0108325, 0.0176656,-1.17905, -0.31037, 2.32218
3825,0.0755581, -0.364486, -9.85789,-0.057737, -0.0100089, 0.0154473,-0.965201, -0.67936, -2.61499
3830,0.0147321, -0.35955, -9.74319,-0.0437475, -0.0125257, 0.0149122,1.05366, 0.938253, 0.486423
3835,0.134592, -0.321467, -9.92935,-0.0331006, -0.0147843, 0.0152206,-1.09733, -0.913709, 1.6398
3840,0.0124134, -0.308797, -9.73667,-0.0103196, -0.00816717, 0.00828014,-0.500037, -0.858046, -0.421353
3845,0.0718003, -0.317936, -9.84292,0.00955617, -0.0154773, 0.0175483,0.472523, 0.252079, 1.04435
3850,0.019574, -0.287277, -9.70455,0.0240075, -0.0109838, 0.0149608,0.141569, -0.186252, 0.436734
3855,0.0865173, -0.367352, -9.94028,0.0353416, -0.0137818, 0.0105189,-0.403267, -1.29623, 1.10281
3860,0.0333934, -0.331175, -9.77302,0.039157, -0.012687, 0.0164395,-0.608925, -0.147478, -0.032863
3865,0.0717187, -0.323496, -9.88791,0.035263, -0.0152219, 0.0164682,-0.682809, 0.448173, 1.01886
3870,0.000657378, -0.330584, -9.71157,0.0361723, -0.0161748, 0.0123159,-2.1849, 0.946433, 1.82067
3875,0.0915744, -0.36444, -9.8853,0.036546, -0.0121551, 0.0125555,-0.291187, 0.496205, -1.80028
3880,0.0181449, -0.340514, -9.73162,0.0320235, -0.0112574, 0.0170881,0.23403, -0.686573, 1.86278
3885,-0.00855889, -0.352965, -9.90695,0.0286091, -0.0157271, 0.0130474,0.0227905, -0.18269, -1.54843
3890,0.0501208, -0.353488, -9.7083,0.01476, -0.00950658, 0.0164968,1.32568, 0.022839, -0.772129
3895,-0.0111798, -0.346116, -9.841,0.00378102, -0.0164525, 0.0158923,-1.201, -0.500625, -0.455526
3900,0.0481387, -0.32017, -9.69968,-0.0180675, -0.0110109, 0.0211294,0.526555, 0.321926, -1.59801
3905,-0.00833628, -0.35686, -9.90788,-0.0427269, -0.0126344, 0.0193453,0.797536, -0.0985712, -1.07017
3910,0.0812164, -0.35238, -9.6897,-0.0505431, -0.015037, 0.0112337,-0.136243, 0.110434, 0.87154
3915,-0.0333836, -0.349573, -9.8991,-0.0646374, -0.0116661, 0.0168918,-0.705723, 0.620267, 0.748531
3920,0.0487325, -0.343231, -9.68944,-0.0795845, -0.0176981, 0.016737,-0.13882, 0.816613, -0.875695
3925,0.00834838, -0.32426, -9.85445,-0.0820038, -0.0149994, 0.0154865,1.00702, -1.0531, 0.630174
3930,0.10187, -0.338367, -9.69969,-0.0747322, -0.0173679, 0.0185522,0.378655, -2.10028, 0.320654
3935,-0.0043302, -0.302052, -9.92261,-0.0687578, -0.0183119, 0.0112933,-0.655845, 1.06477, -0.554575
3940,0.0558269, -0.342272, -9.69782,-0.0609894, -0.0178668, 0.0192487,0.76329, -0.27448, -1.79908
3945,0.0150312, -0.262246, -9.86442,-0.0459595, -0.0158024, 0.0151005,-0.52592, 0.363181, 0.0246111
3950,-0.0488859, -0.309519, -9.71559,-0.0122538, -0.00260393, 0.0048685,0.359522, -2.0415, -0.821904
3955,0.0852553, -0.32857, -9.92369,0.0187521, 0.00901927, -0.0013235,1.33643, 1.67962, 1.28106
3960,0.105752, -0.32949, -9.70872,0.0400797, 0.00687201, 0.00455698,1.37824, 0.24829, 0.531168
3965,0.0745966, -0.363422, -9.95748,0.057892, 0.00885873, 0.00308797,-0.995376, 0.111597, -0.523275
3970,0.00169258, -0.344338, -9.69813,0.0685313, 0.00746743, -0.000442727,1.03133, -1.18443, 0.829696
3975,0.0384461, -0.330583, -9.93167,0.0669132, 0.0106363, 3.11494e-05,0.337234, 0.507156, -1.04728
3980,0.00257445, -0.319642, -9.73522,0.0672539, 0.0127711, -0.00344578,0.243352, 1.14787, 0.0926912
3985,0.0615318, -0.36926, -9.88879,0.0651359, 0.00769524, 0.00619635,0.517363, 1.78552, -0.392205
3990,-0.00325301, -0.335501, -9.70443,0.0629081, 0.00961058, 0.00158276,-0.704796, 0.5495, 0.352094
3995,0.0710369, -0.327247, -9.95562,0.0590745, 0.00649232, 0.00280495,1.22762, 1.08362, -0.244141
4000,0.0260685, -0.289187, -9.68382,0.0581803, 0.00858871, 0.000747997,0.328317, 0.168652, 1.20351
4005,0.0579689, -0.372786, -9.7121,0.0448545, 0.0148019, 0.00398204,-0.0299936, 1.12106, -0.927934
4010,0.00273207, -0.323137, -9.86099,0.0293537, 0.00936897, 0.000515507,1.18028, 0.155027, 0.413658
