time,c1,c2,c3,c4,c5,c6
20,0, 0, 0, 0, 0, 0
40,0, 0, 0, 0, 0, 0
60,0, 0, 0, 0, 0, 0
80,-4.06372e-07, -1.84437e-05, -6.64399e-07, -1.79858e-08, -5.23562e-07, 4.43422e-07
100,-6.55632e-07, -3.11543e-05, -1.78922e-07, -4.68088e-08, -1.45476e-06, 1.23074e-06
120,2.28751e-06, -1.46534e-05, 5.10565e-05, -5.71456e-07, 7.5845e-06, -6.41661e-06
140,4.68461e-06, 8.92721e-05, 0.000235198, -3.1412e-06, 2.47993e-05, -2.09633e-05
160,1.50134e-06, 5.52116e-05, 8.94305e-05, -1.15812e-06, 2.8909e-05, -1.20482e-05
180,-1.01014e-05, -0.000272835, -0.000862151, -4.13855e-06, -2.84971e-05, 7.71385e-05
200,5.36814e-06, -0.000308756, -0.00121558, -2.20095e-05, -9.87562e-05, 0.000181903
220,-7.27431e-07, 1.10542e-05, 7.63091e-05, -1.51181e-05, -8.38927e-05, 0.000194791
240,6.03925e-08, 2.21186e-05, -0.000215291, 1.57798e-06, 1.99529e-05, 0.000107306
260,-7.22016e-07, 0.00117918, 0.00101309, -1.8924e-05, 0.000269118, -0.000122659
280,-3.3863e-06, 0.00188897, 0.00247089, -8.48563e-05, 0.000514623, -0.000358279
300,-3.32504e-05, -0.000113538, -0.000595076, -8.94453e-05, 0.00055104, -0.000403308
320,-3.64553e-06, -0.00123622, -0.00173653, -6.16314e-05, 0.00048745, -0.000346161
340,-1.73691e-05, 0.000199328, -0.000223395, -2.15317e-05, 0.000315269, -0.000195978
360,-5.15161e-06, 0.000474785, -0.000222085, -7.62856e-07, 0.000109922, -1.9451e-05
380,2.3251e-06, -0.000343307, -0.00166929, -2.78116e-06, -5.83036e-05, 0.000122055
400,1.4089e-05, -0.000590505, -0.00220744, -1.11113e-05, -0.000133819, 0.00018214
420,-3.94217e-06, -0.000846537, -0.00197652, -1.33374e-05, -0.000135835, 0.000178981
440,6.12149e-06, -0.000625479, -0.00174555, -1.2716e-05, -0.000121916, 0.000155817
460,-7.96174e-06, -0.00146815, -0.00123868, -1.17921e-05, -0.000168605, 8.44324e-05
480,-2.75537e-05, -0.00386301, 0.00165544, 1.79222e-05, -0.000301267, -5.72321e-05
500,-8.88364e-05, -0.00555254, 0.00410762, 4.8279e-05, -0.000331978, -0.000110362
520,-0.000160659, -0.00532703, 0.0044883, 5.07279e-05, -0.000298447, -0.000104022
540,-0.000234063, -0.00508963, 0.00477476, 5.29395e-05, -0.000271459, -9.86053e-05
560,-0.000278455, -0.00505315, 0.00494966, 5.4928e-05, -0.000242422, -9.13652e-05
580,-0.000345471, -0.0048342, 0.00494857, 5.35535e-05, -0.000206607, -7.87486e-05
600,-0.000333512, -0.00474404, 0.0039818, 2.61657e-05, -0.000140805, -4.03578e-05
620,-0.00017959, -0.00323626, -0.000554721, -6.72734e-06, -5.54725e-05, 1.467e-05
640,7.86901e-05, 0.00270326, -0.013936, 2.11649e-05, 1.95272e-05, 5.19512e-05
660,0.000361586, 0.0198987, -0.0370293, 0.000209442, -3.44293e-07, -3.21975e-06
680,-0.000361416, 0.0351754, -0.0457326, 0.000381601, -0.00014968, -0.000103341
700,-0.00140753, 0.035491, -0.0363814, 0.000353492, -0.000253479, -0.000139894
720,-0.00211934, 0.0340407, -0.0294743, 0.000293355, -0.000314984, -0.00015332
740,-0.00221791, 0.0308594, -0.0202583, 0.000172078, -0.000320894, -0.000128471
760,-0.0017694, 0.0240038, -0.0033213, 4.13301e-05, -0.000252374, -4.25127e-05
780,-0.000633686, 0.00888171, 0.0298022, -2.00416e-05, -9.06688e-05, 0.00012848
800,0.000404106, -0.0188587, 0.0806045, 8.9876e-05, 0.000165172, 0.000382058
820,-0.00178271, -0.0562059, 0.125878, 0.000322807, 0.000465099, 0.000633594
840,-0.00693847, -0.0970517, 0.129836, 0.000533363, 0.000826233, 0.000744078
860,-0.0117805, -0.114289, 0.0966964, 0.000523483, 0.000984893, 0.000654572
880,-0.0157272, -0.114658, 0.0731947, 0.00046026, 0.000920061, 0.000557734
900,-0.0187108, -0.111975, 0.0537846, 0.00040811, 0.000839158, 0.00046916
920,-0.0199427, -0.105766, 0.034313, 0.000333774, 0.000729903, 0.000360393
940,-0.0157624, -0.0858988, 0.00132722, 0.000163422, 0.000504509, 0.000160865
960,-0.00469945, -0.0471651, -0.0469716, -3.7035e-06, 0.000170377, -0.000115714
980,0.00845637, 0.000175176, -0.0924406, 6.99204e-05, -0.000150867, -0.000355503
1000,0.0150865, 0.0343416, -0.10052, 0.000442831, -0.000275596, -0.000363282
1020,0.0178622, 0.0561468, -0.0844419, 0.000912443, -0.000164459, -0.000177419
1040,0.019036, 0.0766807, -0.068572, 0.00106397, 0.000114308, -7.10359e-08
1060,0.016943, 0.099671, -0.0523707, 0.000846892, 0.000394764, 6.9062e-05
1080,0.0128157, 0.116056, -0.0354376, 0.000597127, 0.000670379, 8.86526e-05
1100,0.00739263, 0.107126, -0.0117688, 0.00025199, 0.000895927, 5.77144e-05
1120,0.00297878, 0.0757787, 0.00773285, -4.92746e-05, 0.000931601, -3.10256e-05
1140,0.000396776, 0.0452095, 0.025947, -0.000305137, 0.000760039, -0.000220844
1160,-0.000723297, 0.0229676, 0.0418196, -0.000359895, 0.000466416, -0.000471877
1180,-0.0012084, 0.00999105, 0.0582529, -0.000166842, 0.000161158, -0.00060165
1200,-0.00210896, -0.00885695, 0.075704, 0.000180045, -0.000158758, -0.000517513
1220,-0.00338628, -0.0527546, 0.0813961, 0.000603803, -0.000445547, -0.000323179
1240,-0.00724662, -0.112384, 0.0655193, 0.000803829, -0.000431624, -0.000128052
1260,-0.0153982, -0.136262, 0.0287449, 0.00052804, -3.53585e-05, -2.65799e-05
1280,-0.0234663, -0.121378, -0.00592593, -3.66152e-06, 0.000444137, -3.48703e-05
1300,-0.0289684, -0.116403, -0.0365979, -0.000483442, 0.000775268, -0.000128422
1320,-0.0324287, -0.114417, -0.0780931, -0.000822271, 0.000921832, -0.000294766
1340,-0.0339108, -0.104677, -0.141145, -0.00103422, 0.000968996, -0.000569083
1360,-0.0394763, -0.0830752, -0.19466, -0.00103774, 0.000938006, -0.000812295
1380,-0.0495432, -0.0640334, -0.205735, -0.000986143, 0.00091322, -0.000854576
1400,-0.0591479, -0.0498421, -0.195405, -0.000934453, 0.000882118, -0.000791886
1420,-0.0669797, -0.0394293, -0.181647, -0.000885083, 0.000818039, -0.000706615
1440,-0.0731212, -0.0328102, -0.166074, -0.000837151, 0.000736809, -0.00061428
1460,-0.0777243, -0.0298102, -0.149482, -0.00079029, 0.000645015, -0.000520748
1480,-0.0809635, -0.0303286, -0.132158, -0.000744331, 0.000544188, -0.000427466
1500,-0.0830115, -0.0342035, -0.11419, -0.000699153, 0.0004352, -0.000335215
1520,-0.0840325, -0.040899, -0.0957283, -0.000654726, 0.000321247, -0.000246289
1540,-0.0841764, -0.0498067, -0.0767411, -0.000611122, 0.000204813, -0.000162222
1560,-0.0835648, -0.0607621, -0.0566372, -0.000568409, 8.41905e-05, -8.16074e-05
1580,-0.0822876, -0.0729418, -0.0351631, -0.000526645, -3.79832e-05, -6.07002e-06
1600,-0.0804144, -0.0849737, -0.0124241, -0.000486, -0.000156344, 6.12308e-05
1620,-0.0780319, -0.0901101, 0.00583336, -0.000447001, -0.000228727, 9.48757e-05
1640,-0.0753493, -0.0867382, 0.0162144, -0.000411019, -0.000244676, 9.2698e-05
1660,-0.0725301, -0.080279, 0.0224772, -0.000378578, -0.000239649, 7.95263e-05
1680,-0.0696611, -0.0733613, 0.0269454, -0.000349506, -0.000230486, 6.62222e-05
1700,-0.0667948, -0.0660582, 0.029501, -0.000323469, -0.000216746, 5.25903e-05
1720,-0.0639879, -0.0579832, 0.0292527, -0.000300242, -0.00019422, 3.64147e-05
1740,-0.061302, -0.0491242, 0.0256682, -0.000279675, -0.000161006, 1.69134e-05
1760,-0.0587969, -0.0396507, 0.0185658, -0.000261648, -0.000116756, -5.90028e-06
1780,-0.0565239, -0.0298057, 0.00818562, -0.000246043, -6.25919e-05, -3.14012e-05
1800,-0.0545197, -0.0197575, -0.00490376, -0.000232721, -5.01799e-07, -5.87447e-05
1820,-0.0528075, -0.00931287, -0.0203382, -0.000221544, 6.89285e-05, -8.79916e-05
1840,-0.0513944, 0.00161574, -0.0370836, -0.000212369, 0.000142663, -0.000118125
1860,-0.0502615, 0.0129663, -0.0535196, -0.000205008, 0.000215537, -0.000147221
1880,-0.0493675, 0.0250998, -0.0688985, -0.000199249, 0.000286197, -0.00017527
1900,-0.0486621, 0.0384773, -0.082794, -0.000194906, 0.00035474, -0.000202909
1920,-0.0480577, 0.0487364, -0.0879244, -0.000191671, 0.000390152, -0.000215172
1940,-0.0473828, 0.0530989, -0.083128, -0.000188771, 0.000383245, -0.000207287
1960,-0.0465576, 0.0543896, -0.0750179, -0.000185758, 0.000360076, -0.00019192
1980,-0.0455787, 0.0545013, -0.066763, -0.000182519, 0.000334138, -0.000175714
2000,-0.044466, 0.0534436, -0.0584724, -0.000179055, 0.000305552, -0.000158667
2020,-0.0432359, 0.0506426, -0.0496931, -0.000175332, 0.000271318, -0.00013916
2040,-0.041911, 0.0455599, -0.0407897, -0.000171302, 0.000232225, -0.000118127
2060,-0.0405258, 0.0385521, -0.0317177, -0.000166935, 0.000187687, -9.4586e-05
2080,-0.0391014, 0.0300313, -0.0225495, -0.000162194, 0.000138226, -6.85626e-05
2100,-0.0376579, 0.0204037, -0.0134001, -0.000157065, 8.51557e-05, -4.07693e-05
2120,-0.0362118, 0.0100625, -0.00423125, -0.000151555, 2.94972e-05, -1.18052e-05
2140,-0.034773, -0.000975204, 0.00541009, -0.000145675, -2.98143e-05, 1.87557e-05
2160,-0.033343, -0.0123275, 0.0158045, -0.000139433, -9.22879e-05, 5.05054e-05
2180,-0.031916, -0.0230461, 0.0268515, -0.000132862, -0.000154787, 8.16922e-05
2200,-0.0304894, -0.0281836, 0.0343469, -0.00012613, -0.000191491, 9.96554e-05
2220,-0.0290912, -0.0270982, 0.0364831, -0.000119703, -0.000195632, 0.000101686
2240,-0.0277416, -0.0239974, 0.0363635, -0.000113817, -0.000187851, 9.81838e-05
2260,-0.0264453, -0.0207189, 0.0356438, -0.000108496, -0.000177963, 9.39012e-05
2280,-0.0252022, -0.017158, 0.0340339, -0.00010371, -0.000164672, 8.82431e-05
2300,-0.024018, -0.0131681, 0.0310508, -9.94593e-05, -0.000145867, 8.02593e-05
2320,-0.0229016, -0.00889284, 0.0265677, -9.57563e-05, -0.00012119, 6.97975e-05
2340,-0.0218633, -0.00455239, 0.0206743, -9.261e-05, -9.1116e-05, 5.70408e-05
2360,-0.0209131, -0.000325507, 0.0135689, -9.00214e-05, -5.6397e-05, 4.22417e-05
2380,-0.0200605, 0.00381105, 0.00524009, -8.79892e-05, -1.66064e-05, 2.50763e-05
2400,-0.0193155, 0.00791251, -0.00420168, -8.65191e-05, 2.82757e-05, 5.34505e-06
2420,-0.0186735, 0.01037, -0.010365, -8.55512e-05, 5.82411e-05, -8.12707e-06
2440,-0.0180818, 0.0107291, -0.0115586, -8.48069e-05, 6.51544e-05, -1.14446e-05
2460,-0.0175062, 0.010391, -0.011061, -8.41166e-05, 6.40825e-05, -1.11767e-05
2480,-0.0169373, 0.00989785, -0.0102044, -8.34359e-05, 6.12283e-05, -1.00743e-05
2500,-0.016369, 0.00909757, -0.00853075, -8.27383e-05, 5.42821e-05, -7.02572e-06
2520,-0.0157903, 0.00792303, -0.0057258, -8.19753e-05, 4.15732e-05, -1.1836e-06
2540,-0.0151876, 0.00642317, -0.00166339, -8.10916e-05, 2.23701e-05, 7.85952e-06
2560,-0.0145457, 0.00474187, 0.00370109, -8.00306e-05, -3.56806e-06, 2.02497e-05
2580,-0.0138492, 0.00314683, 0.0102719, -7.87434e-05, -3.56581e-05, 3.56885e-05
2600,-0.0130938, 0.00257404, 0.0147271, -7.72433e-05, -5.70932e-05, 4.61371e-05
2620,-0.0123177, 0.00296528, 0.0156645, -7.57222e-05, -6.08823e-05, 4.82149e-05
2640,-0.0115449, 0.0035634, 0.015497, -7.4291e-05, -5.9194e-05, 4.76675e-05
2660,-0.0107805, 0.00416603, 0.014932, -7.29706e-05, -5.55887e-05, 4.61759e-05
2680,-0.0103788, 0.00432566, 0.0134794, -7.17805e-05, -4.83172e-05, 4.25763e-05
2700,-0.010202, 0.00424279, 0.0108906, -7.07526e-05, -3.57185e-05, 3.62617e-05
2720,-0.00999628, 0.00418735, 0.00704071, -6.99314e-05, -1.65308e-05, 2.68746e-05
2740,-0.0098525, 0.00411638, 0.00197913, -6.93614e-05, 8.92765e-06, 1.44189e-05
2760,-0.00970859, 0.00406584, -0.00417782, -6.90814e-05, 4.03557e-05, -1.0031e-06
2780,-0.00956468, 0.0040083, -0.0082435, -6.90786e-05, 6.1488e-05, -1.17043e-05
2800,-0.00941525, 0.00392678, -0.00897044, -6.9177e-05, 6.56155e-05, -1.43189e-05
2820,-0.00930975, 0.0039004, -0.00866204, -6.92712e-05, 6.42916e-05, -1.43241e-05
2840,-0.00916468, 0.00381249, -0.00803933, -6.93365e-05, 6.13563e-05, -1.34643e-05
2860,-0.00905022, 0.0037621, -0.00666073, -6.93493e-05, 5.42801e-05, -1.05334e-05
2880,-0.00891651, 0.00368849, -0.00430226, -6.92692e-05, 4.18634e-05, -4.84769e-06
2900,-0.00882787, 0.00364754, -0.000851709, -6.90497e-05, 2.32685e-05, 3.97907e-06
2920,-0.00869267, 0.0035735, 0.00370667, -6.86429e-05, -1.51788e-06, 1.60373e-05
2940,-0.00857489, 0.00349801, 0.00927538, -6.80067e-05, -3.21467e-05, 3.10429e-05
2960,-0.008435, 0.00343624, 0.0130114, -6.71512e-05, -5.30409e-05, 4.11348e-05
2980,-0.00831199, 0.00335944, 0.0137354, -6.62416e-05, -5.76342e-05, 4.30028e-05
3000,-0.00819177, 0.00328446, 0.0135175, -6.53759e-05, -5.70802e-05, 4.22991e-05
3020,-0.0080802, 0.003205, 0.0129916, -6.4575e-05, -5.48265e-05, 4.07577e-05
3040,-0.00794595, 0.00315998, 0.0117446, -6.3859e-05, -4.85087e-05, 3.72391e-05
3060,-0.00783638, 0.00308782, 0.00956469, -6.32632e-05, -3.69747e-05, 3.11402e-05
3080,-0.00776282, 0.00299656, 0.00633246, -6.28223e-05, -1.94892e-05, 2.20806e-05
3100,-0.00766404, 0.0029273, 0.00205994, -6.25762e-05, 4.10728e-06, 9.99925e-06
3120,-0.00757974, 0.00285477, -0.000873871, -6.25375e-05, 2.04365e-05, 1.48119e-06
3140,-0.00751816, 0.00279568, -0.00150817, -6.25872e-05, 2.38667e-05, -6.39669e-07
3160,-0.00746187, 0.00273897, -0.00149736, -6.26477e-05, 2.36348e-05, -9.2557e-07
3180,-0.00736904, 0.00265998, -0.00112691, -6.26943e-05, 2.13714e-05, -1.45327e-07
3200,-0.00730683, 0.00259636, 2.83634e-05, -6.26988e-05, 1.44577e-05, 2.99143e-06
3220,-0.00722712, 0.00252738, 0.00216742, -6.26177e-05, 1.71136e-06, 9.13948e-06
3240,-0.00715483, 0.00246261, 0.00532975, -6.24034e-05, -1.723e-05, 1.84641e-05
3260,-0.00708533, 0.00239251, 0.00749853, -6.20439e-05, -3.05248e-05, 2.49069e-05
3280,-0.00700446, 0.00232865, 0.00784799, -6.16425e-05, -3.31449e-05, 2.59124e-05
3300,-0.00696208, 0.00223449, 0.00774661, -6.12469e-05, -3.31519e-05, 2.55629e-05
3320,-0.00688847, 0.00216851, 0.00722364, -6.08693e-05, -3.0593e-05, 2.39341e-05
3340,-0.00682781, 0.00209585, 0.00589648, -6.0542e-05, -2.31922e-05, 1.98495e-05
3360,-0.00675422, 0.00203004, 0.00360758, -6.03113e-05, -9.8918e-06, 1.27945e-05
3380,-0.00670936, 0.00195692, 0.00199615, -6.02007e-05, -5.83657e-07, 7.75576e-06
3400,-0.0066763, 0.00188678, 0.00174025, -6.01352e-05, 5.51267e-07, 6.86339e-06
3420,-0.00660946, 0.00181608, 0.00178869, -6.00744e-05, -1.3058e-07, 6.91772e-06
3440,-0.00657771, 0.00174407, 0.00234612, -6.00002e-05, -3.99624e-06, 8.57976e-06
3460,-0.00649995, 0.00168031, 0.00373035, -5.98756e-05, -1.29784e-05, 1.28782e-05
3480,-0.00647487, 0.00159959, 0.00605786, -5.96523e-05, -2.7966e-05, 2.0204e-05
3500,-0.00642459, 0.00152707, 0.00766229, -5.93078e-05, -3.85385e-05, 2.52615e-05
3520,-0.00636673, 0.00146368, 0.00784881, -5.89217e-05, -4.02987e-05, 2.582e-05
3540,-0.00631091, 0.00140011, 0.00770851, -5.85381e-05, -4.00151e-05, 2.53383e-05
3560,-0.00629648, 0.00129665, 0.00711, -5.81737e-05, -3.68704e-05, 2.33993e-05
3580,-0.00622358, 0.00124982, 0.00572223, -5.78624e-05, -2.86623e-05, 1.89515e-05
3600,-0.00620434, 0.00116257, 0.0047163, -5.76279e-05, -2.28554e-05, 1.57181e-05
3620,-0.00615668, 0.00109668, 0.00457992, -5.74179e-05, -2.25194e-05, 1.5255e-05
3640,-0.00614581, 0.00100898, 0.00469467, -5.72063e-05, -2.38062e-05, 1.5595e-05
3660,-0.00609654, 0.000946248, 0.00540844, -5.69711e-05, -2.89137e-05, 1.78547e-05
3680,-0.00607087, 0.000865435, 0.00695823, -5.66726e-05, -3.94354e-05, 2.27894e-05
3700,-0.00602376, 0.000807913, 0.00935625, -5.62637e-05, -5.54499e-05, 3.04068e-05
3720,-0.00598713, 0.000735004, 0.010859, -5.57301e-05, -6.57219e-05, 3.50779e-05
3740,-0.00594431, 0.000671065, 0.0108508, -5.51599e-05, -6.62338e-05, 3.48824e-05
3760,-0.00590532, 0.00060208, 0.0105023, -5.46008e-05, -6.45324e-05, 3.36021e-05
3780,-0.00587309, 0.000522897, 0.00977139, -5.40675e-05, -6.03431e-05, 3.11253e-05
3800,-0.00585061, 0.000432163, 0.00919157, -5.35749e-05, -5.71203e-05, 2.91474e-05
3820,-0.00583287, 0.000337682, 0.00899907, -5.30995e-05, -5.63962e-05, 2.83925e-05
3840,-0.00578345, 0.000297625, 0.00919246, -5.26251e-05, -5.81593e-05, 2.88359e-05
3860,-0.00576287, 0.000212151, 0.0100775, -5.21224e-05, -6.44101e-05, 3.13975e-05
3880,-0.00572969, 0.000151243, 0.0117536, -5.15521e-05, -7.5782e-05, 3.63263e-05
3900,-0.00570826, 6.05693e-05, 0.0141991, -5.08738e-05, -9.21081e-05, 4.34612e-05
3920,-0.00566414, 6.65625e-05, 0.0156646, -5.00798e-05, -0.00010175, 4.74309e-05
3940,-0.00564647, 1.43208e-05, 0.0154899, -4.9263e-05, -0.000100559, 4.63906e-05
3960,-0.00560229, 5.93417e-05, 0.0149296, -4.84745e-05, -9.68012e-05, 4.42432e-05
3980,-0.00559526, -5.08178e-06, 0.0144021, -4.77217e-05, -9.32768e-05, 4.22457e-05
4000,-0.00556181, -7.87143e-07, 0.0141765, -4.69953e-05, -9.17974e-05, 4.11549e-05
