time,p.x,p.y,p.z,att.x,att.y,att.z,attq.w,attq.x,attq.y,attq.z,v.x,v.y,v.z,v.r,v.p,v.yaw,pdot.x,pdot.y,pdot.z,vdot.x,vdot.y,vdot.z,vdot.r,vdot.p,vdot.yaw
20,-1, 1, 4,-0, 0, -0,1,0,0,0,0, 0, 0, 0, 0, 0,0, 0, 0,0, 0, 0, 0, 0, 0
40,-1, 1, 4,0.000217364, 0, 0,1,0.000108682,0,0,0, 0, 0, 0.0375611, 0, 0,0, 0, 0,0, 0, 0, 5.00145, 0, 0
60,-1, 1, 4,0.00264614, 0, 0,0.999999,0.00132307,0,0,0, 0, 0, 0.225533, 0, 0,0, 0, 0,0, 0, 0, 13.9371, 0, 0
80,-1, 1, 4,0.0103193, -5.47951e-05, 3.39878e-05,0.999987,0.00515964,-2.74849e-05,1.68523e-05,-0.000208747, 8.41715e-09, 3.47639e-09, 0.543729, -0.0147142, 0.00910022,-0.000208747, 3.27501e-09, -4.86194e-09,-0.0544473, 4.81424e-05, -0.0897261, 19.0105, -2.88961, 1.78718
100,-1, 1, 4,0.0251392, -0.000431292, 0.000272206,0.999921,0.0125692,-0.00021734,0.000133382,1.1711e-05, 4.30221e-08, 3.20236e-08, 0.922889, -0.0190667, 0.0117984,1.1711e-05, 4.51613e-08, 3.79588e-08,0.0358574, 8.13199e-05, -0.0897273, 19.893, 0.0043154, -0.00225782
120,-1.00002, 1, 4,0.0481328, -0.000165646, 0.000122881,0.99971,0.0240641,-8.42778e-05,5.94297e-05,-0.0024088, 2.64235e-08, -2.75356e-07, 1.37224, 0.0767286, -0.0474505,-0.0024088, -3.42593e-07, -8.76645e-07,-0.279491, 3.82488e-05, -0.0898612, 25.2586, 10.0728, -6.23148
140,-1.00009, 1, 4,0.0810585, 0.00252832, -0.00159597,0.999178,0.0405171,0.00129545,-0.000746109,-0.00420611, -4.64218e-06, -9.33147e-06, 1.90718, 0.15612, -0.0966525,-0.00420612, 1.58722e-06, 7.86621e-07,0.0358113, -0.000233021, -0.090348, 29.1556, -0.0735648, 0.0384577
160,-1.00017, 1, 4,0.125889, 0.00495485, -0.00365241,0.998015,0.062898,0.00258739,-0.00166675,-0.00424468, -1.02986e-05, -1.83748e-05, 2.5689, 0.0536172, -0.0805153,-0.00424473, 4.46901e-06, 3.04166e-06,-0.100738, -0.000144115, -0.0899742, 37.0905, -12.9745, 3.09999
180,-1.00029, 1, 4,0.185789, 0.00201397, -0.00417924,0.995686,0.0927585,0.00119648,-0.0019872,-0.00758418, -1.00345e-05, -3.18052e-06, 3.41257, -0.347042, 0.0739325,-0.00758415, 1.91074e-05, 1.86089e-05,-0.231527, 0.000712162, -0.0874813, 46.8298, -26.3595, 11.8845
200,-1.00044, 1, 4,0.262728, -0.00869285, -0.00102355,0.991374,0.130987,-0.00424193,-0.00107668,-0.00521542, 8.92421e-06, 6.76772e-05, 4.20605, -0.613534, 0.173213,-0.00521578, 8.3043e-06, 2.86379e-05,0.380686, 0.000805923, 0.0929468, 34.908, -3.31964, -0.199694
220,-1.00047, 1, 4,0.353606, -0.0206634, 0.00342459,0.98436,0.175856,-0.0104716,-0.000131623,0.000210331, 1.83926e-05, 8.87831e-05, 4.82917, -0.55932, 0.123028,0.000208442, -1.38625e-05, 9.39122e-05,0.00261716, -2.88539e-05, 0.0895922, 28.9413, 8.48733, -4.98383
240,-1.00049, 1, 4,0.456316, -0.0285478, 0.00697898,0.973991,0.226111,-0.0146926,0.00017031,-0.00292377, 2.19805e-05, -8.76484e-05, 5.40759, -0.258269, -0.0379736,-0.0029202, 7.5991e-05, -0.000152559,-0.3283, -5.77346e-05, -0.0892288, 29.4559, 20.9175, -10.7992
260,-1.00062, 1, 4,0.571763, -0.0273205, 0.00663528,0.959331,0.281932,-0.0140408,-0.000669401,-0.0105088, -6.4011e-06, 8.42662e-05, 6.14084, 0.317148, -0.342374,-0.0105068, 4.49094e-05, -0.000216195,-0.427394, -0.00307794, 0.0871455, 42.9193, 35.6877, -19.1162
280,-1.00085, 1, 3.99999,0.702299, -0.015154, -0.000120633,0.938951,0.343968,-0.00709384,-0.00266293,-0.00994893, -0.000107228, -3.1284e-05, 6.83526, 0.747021, -0.558248,-0.00994714, 3.65497e-05, -0.000216292,0.380758, -0.00493066, -0.0961951, 29.3558, 10.3738, -4.4157
300,-1.00094, 1, 3.99999,0.84426, -0.00030127, -0.0103323,0.912206,0.4097,0.00197918,-0.00477435,0.000985055, -0.000163356, -8.31157e-05, 7.29685, 0.773861, -0.553276,0.000983492, -5.48623e-05, -0.000183466,0.487555, 0.000296361, -0.088235, 19.1414, -1.55545, 1.31914
320,-1.00085, 1, 3.99999,0.994224, 0.0115647, -0.0215499,0.878927,0.476799,0.0102204,-0.00671309,0.00600651, -0.000124558, -6.01038e-06, 7.65737, 0.620816, -0.459493,0.00600213, -7.76425e-05, -0.000249186,0.0329433, 0.00322682, -0.0852026, 17.9327, -13.1839, 7.88353
340,-1.00079, 1, 3.99998,1.14984, 0.0169196, -0.0312742,0.839176,0.54357,0.0156011,-0.00852267,-0.00101068, -0.000100099, 4.48911e-05, 7.82266, 0.335204, -0.285943,-0.00101239, -8.49624e-05, -3.68852e-05,-0.416281, -0.000520293, 0.0903425, 1.48433, -15.4124, 9.31271
360,-1.0009, 0.999999, 3.99999,1.30568, 0.0149107, -0.0375713,0.794284,0.607211,0.0173314,-0.0103934,-0.00977953, -0.000116061, 4.79421e-05, 7.72488, 0.0191146, -0.0942997,-0.00977519, -0.000121914, 0.000292996,-0.457286, -0.0012393, 0.0903413, -10.0002, -16.1176, 9.8017
380,-1.00118, 0.999997, 3.99999,1.45662, 0.00655538, -0.0394027,0.746196,0.665427,0.0155581,-0.0125209,-0.0162405, -0.000115198, -8.26422e-05, 7.35983, -0.244993, 0.066246,-0.0162326, 3.14223e-05, 0.000524969,-0.120498, 0.000896109, -0.0854327, -24.3792, -13.7904, 8.41151
400,-1.00149, 0.999997, 4,1.59784, -0.00552273, -0.0371342,0.697321,0.716513,0.0113788,-0.0149279,-0.014682, -8.16857e-05, 2.88413e-05, 6.80681, -0.376107, 0.145355,-0.0146748, 3.35212e-05, 0.000466876,0.154956, 0.00154135, 0.0955062, -30.2799, -3.40624, 2.01788
420,-1.00177, 1, 4.00001,1.72729, -0.0179727, -0.0324879,0.649449,0.760178,0.00651052,-0.0173829,-0.0129151, -4.16337e-05, -4.15664e-05, 6.20371, -0.40132, 0.159295,-0.0129068, 0.000205677, 0.000416864,0.0361024, 0.00220966, -0.084602, -29.9407, 0.40294, -0.328345
440,-1.00202, 1, 4.00002,1.84488, -0.0293798, -0.0265633,0.603602,0.79704,0.00171528,-0.0197269,-0.0125246, -3.80696e-06, 5.51922e-05, 5.6139, -0.383198, 0.159686,-0.0125165, 0.00020668, 0.000402123,-0.0516343, 0.00163264, 0.0943202, -29.0221, 3.16897, 1.45029
460,-1.0023, 1.00001, 4.00003,1.95104, -0.038127, -0.0190153,0.560459,0.827908,-0.00281776,-0.021113,-0.0160392, 4.74511e-05, -4.28875e-05, 5.04583, -0.218768, 0.251708,-0.0160222, 0.000472125, 0.000572353,-0.244297, 0.00383221, -0.0865275, -27.8137, 14.1306, 8.27464
480,-1.00268, 1.00002, 4.00004,2.04624, -0.0398263, -0.00781718,0.520533,0.853601,-0.00703191,-0.0190341,-0.0218305, 0.000176534, -4.17329e-05, 4.49855, 0.204028, 0.504107,-0.0218091, 0.000650617, 0.000737597,-0.329324, 0.0100833, -0.0940756, -26.9469, 27.3289, 16.4534
500,-1.00316, 1.00003, 4.00006,2.13085, -0.0331104, 0.00694488,0.484116,0.874841,-0.0110525,-0.0128041,-0.0250165, 0.000437395, -3.7647e-05, 3.99452, 0.384474, 0.605345,-0.0250034, 0.000595218, 0.000702074,0.0374517, 0.0144934, -0.100469, -23.2643, 0.98478, 0.0628051
520,-1.00365, 1.00004, 4.00007,2.20619, -0.0241643, 0.0212357,0.450892,0.892434,-0.0149233,-0.00599728,-0.024266, 0.000717378, -8.35207e-05, 3.58723, 0.403084, 0.606449,-0.0242662, 0.000420834, 0.000579139,0.0375572, 0.0139048, -0.101495, -17.8141, 0.885315, 0.0488662
540,-1.00413, 1.00005, 4.00008,2.27419, -0.0140211, 0.034684,0.420268,0.907207,-0.0186808,0.00092662,-0.0235136, 0.000988661, 3.28144e-05, 3.25742, 0.41994, 0.607304,-0.0235316, 0.000115629, 0.000343343,0.0376702, 0.0132851, 0.0772969, -16.5488, 0.805258, 0.0371407
560,-1.00459, 1.00005, 4.00009,2.33529, -0.00294851, 0.0473659,0.392241,0.919556,-0.0223604,0.00793473,-0.0227596, 0.00125194, -4.24166e-05, 2.90272, 0.43516, 0.607901,-0.0227929, -4.02714e-05, 0.000219953,0.0377057, 0.0131899, -0.102669, -18.7426, 0.719122, 0.0225968
580,-1.00504, 1.00005, 4.00009,2.38874, 0.00868359, 0.0593346,0.367314,0.929614,-0.0259905,0.01494,-0.0226734, 0.00150683, 5.65256e-05, 2.51186, 0.427077, 0.59496,-0.0227216, -0.000290792, -5.69122e-05,-0.0984187, 0.0126184, 0.0768605, -20.1828, -3.75055, -2.67792
600,-1.00554, 1.00004, 4.00008,2.43414, 0.018599, 0.0695739,0.345867,0.937593,-0.0294059,0.0207654,-0.0279243, 0.0017594, -3.42245e-06, 2.10027, 0.244895, 0.47724,-0.0279746, -0.000197801, -0.000497138,-0.409784, 0.012383, 0.0793394, -20.8657, -13.9338, -8.8014
620,-1.00621, 1.00004, 4.00007,2.47155, 0.022431, 0.0759388,0.32813,0.943803,-0.0321627,0.0230642,-0.0383742, 0.00198274, 6.58128e-05, 1.6767, -0.162878, 0.221951,-0.0384031, 0.000147761, -0.00130401,-0.572825, 0.00844738, 0.0912217, -21.4242, -27.6473, -17.2267
640,-1.00715, 1.00005, 4.00003,2.49926, 0.0152162, 0.0760455,0.315164,0.948245,-0.0336689,0.0192134,-0.0564682, 0.00201811, 4.57574e-05, 0.9878, -0.774627, -0.160851,-0.05645, 0.00126395, -0.00212781,-1.07384, -0.00705613, -0.0533449, -44.773, -35.1562, -23.2418
660,-1.00849, 1.0001, 3.99999,2.51003, -0.00633416, 0.0667654,0.310487,0.949986,-0.032709,0.00735658,-0.0760681, 0.00146801, 0.000134295, -0.0656502, -1.39583, -0.772518,-0.0759935, 0.00310335, -0.00197182,-0.883959, -0.0519401, 0.00695397, -59.9975, -26.9926, -36.8791
680,-1.01011, 1.00018, 3.99996,2.50016, -0.0374584, 0.045738,0.315517,0.94846,-0.0275997,-0.010561,-0.0819118, -7.86982e-05, 0.000648972, -0.967373, -1.54285, -1.19369,-0.0817884, 0.00451234, -0.000512481,0.129291, -0.0918158, 0.0300196, -34.2526, 6.40334, -9.44839
700,-1.01169, 1.00027, 3.99997,2.4757, -0.0669612, 0.0196404,0.32694,0.944401,-0.0202154,-0.0284269,-0.0768856, -0.00194515, 0.000999629, -1.50763, -1.34122, -1.26042,-0.0767281, 0.00529185, 0.000984524,0.208188, -0.0926397, 0.00587302, -22.7732, 8.47116, -1.21146
720,-1.01321, 1.00039, 4,2.44103, -0.0921633, -0.00805256,0.342619,0.938336,-0.0120299,-0.044648,-0.0768946, -0.00376308, 0.000921535, -1.94005, -1.1543, -1.20191,-0.0766833, 0.00639509, 0.00256086,-0.223604, -0.088854, -0.0121981, -21.9251, 12.1067, 7.28608
740,-1.01481, 1.00053, 4.00008,2.397, -0.11095, -0.0345618,0.362249,0.930271,-0.00409452,-0.0579166,-0.0850426, -0.00546453, 0.000446725, -2.37612, -0.804241, -0.987343,-0.0847096, 0.00797082, 0.0048011,-0.571549, -0.0805501, -0.0365698, -21.2673, 22.1906, 13.7463
760,-1.01665, 1.00071, 4.0002,2.34443, -0.119255, -0.0570693,0.385698,0.920259,0.00312858,-0.0659517,-0.0999018, -0.00690389, 9.12052e-06, -2.77501, -0.264553, -0.651828,-0.0994229, 0.00939089, 0.00741151,-0.892759, -0.0626554, -0.0810581, -18.6329, 31.4988, 19.3712
780,-1.01886, 1.00091, 4.00038,2.28433, -0.112926, -0.0724609,0.412832,0.90834,0.00945366,-0.066325,-0.122274, -0.00779527, -8.74168e-05, -3.2267, 0.51145, -0.179033,-0.121718, 0.00987847, 0.00994847,-1.2997, -0.0231833, 0.0119303, -26.272, 45.6572, 27.8339
800,-1.02157, 1.0011, 4.0006,2.2152, -0.0883272, -0.0774262,0.444512,0.89385,0.0148798,-0.0567438,-0.147914, -0.00755181, -0.00120923, -3.80867, 1.35892, 0.353455,-0.147348, 0.00920251, 0.0118795,-1.24757, 0.0492254, -0.121371, -32.0617, 39.7747, 25.886
820,-1.02474, 1.00127, 4.00084,2.1349, -0.0480382, -0.0708549,0.481173,0.875581,0.0194406,-0.0381051,-0.167496, -0.00557597, -0.00501607, -4.45156, 1.95426, 0.825142,-0.167002, 0.00787421, 0.0126221,-0.659962, 0.14671, -0.241969, -32.7354, 18.4996, 23.381
840,-1.02816, 1.00141, 4.00109,2.04186, -0.0013716, -0.0518126,0.522383,0.852317,0.0217268,-0.0141209,-0.171978, -0.00151157, -0.0102124, -5.0814, 2.03343, 1.27856,-0.171777, 0.00614776, 0.0117368,0.143888, 0.253327, -0.255262, -30.1448, -8.1049, 22.4687
860,-1.03153, 1.00151, 4.00131,1.93817, 0.0403068, -0.0218024,0.566085,0.824028,0.020391,0.0104424,-0.165003, 0.00418899, -0.0144855, -5.3255, 1.74679, 1.43067,-0.165295, 0.00464758, 0.0104659,0.308719, 0.29832, -0.17084, -0.0607252, -12.5229, 0.0842696
880,-1.0348, 1.00159, 4.00151,1.83268, 0.0739762, 0.0124465,0.608116,0.792962,0.0175761,0.033124,-0.161457, 0.0101892, -0.0172279, -5.19972, 1.59184, 1.38163,-0.16238, 0.00306027, 0.00961267,0.153292, 0.299284, -0.110637, 9.4338, -6.49755, -2.85789
900,-1.03802, 1.00164, 4.0017,1.72951, 0.101405, 0.0485812,0.646863,0.760534,0.0144151,0.054292,-0.15833, 0.0161105, -0.0189055, -4.99357, 1.4694, 1.32752,-0.160004, 0.00146155, 0.00905448,0.158703, 0.292281, -0.0605999, 11.4035, -5.7934, -2.57141
920,-1.04121, 1.00165, 4.00187,1.63005, 0.122532, 0.0854429,0.682037,0.727507,0.0109323,0.0737539,-0.157582, 0.0218099, -0.0196022, -4.72976, 1.28289, 1.23052,-0.160057, -0.000369425, 0.00856589,-0.073239, 0.276073, -0.0100281, 14.8905, -13.3737, -7.46155
940,-1.04442, 1.00162, 4.00204,1.53655, 0.134242, 0.119471,0.71343,0.694973,0.00675354,0.0893582,-0.156076, 0.026859, -0.0189928, -4.37496, 0.786523, 0.93541,-0.159272, -0.0020549, 0.00837285,0.210368, 0.222029, 0.0762487, 20.5366, -34.8296, -21.1995
960,-1.04753, 1.00157, 4.00222,1.45333, 0.130395, 0.143994,0.74076,0.664755,0.000876849,0.0968224,-0.147443, 0.0302829, -0.0161728, -3.8409, -0.0942424, 0.397089,-0.15108, -0.00256084, 0.00929675,0.628869, 0.11898, 0.203311, 32.5245, -52.7551, -32.1007
980,-1.05037, 1.00153, 4.00243,1.38709, 0.106536, 0.152624,0.763063,0.639625,-0.00784379,0.0924802,-0.128572, 0.031356, -0.010766, -3.00179, -1.25637, -0.320819,-0.132236, -0.00142286, 0.0118916,1.2179, -0.00528059, 0.324355, 50.2145, -61.9823, -39.3616
1000,-1.05273, 1.00152, 4.0027,1.34422, 0.0642367, 0.142363,0.778702,0.62253,-0.0191951,0.0755684,-0.101774, 0.0302315, -0.00380551, -1.8647, -2.14026, -1.04784,-0.105068, 0.000317666, 0.0157115,1.21288, -0.0938634, 0.349369, 62.2358, -31.5078, -38.1971
1020,-1.05464, 1.00153, 4.00304,1.32623, 0.0142914, 0.114136,0.786524,0.614879,-0.0294875,0.0493399,-0.0867084, 0.0277384, 0.0013797, -0.624333, -2.46516, -1.82146,-0.0892995, 0.00144076, 0.0176974,0.354625, -0.149417, 0.131498, 62.0595, -3.42788, -39.4157
1040,-1.05644, 1.00158, 4.00339,1.32934, -0.0327574, 0.0714148,0.786873,0.615865,-0.0348999,0.0180007,-0.0921122, 0.0242191, 0.00357591, 0.375512, -2.15144, -2.36398,-0.0937122, 0.00347626, 0.0170281,-0.727484, -0.20119, 0.09157, 41.7991, 29.1945, -18.1305
1060,-1.05848, 1.00168, 4.00372,1.34654, -0.0684108, 0.0221329,0.781517,0.622847,-0.0336308,-0.0126768,-0.108852, 0.0195783, 0.00497895, 1.10413, -1.52777, -2.62749,-0.10939, 0.0060547, 0.0159357,-0.800349, -0.260164, 0.050195, 33.5994, 28.7358, -11.5203
1080,-1.06079, 1.00183, 4.00404,1.37559, -0.09368, -0.0298806,0.77127,0.634609,-0.0266996,-0.041252,-0.120466, 0.0138515, 0.00554452, 1.76644, -1.00944, -2.77025,-0.120042, 0.00882622, 0.0157079,-0.279972, -0.302934, 0.00636914, 34.2268, 27.3581, -1.22899
1100,-1.06318, 1.00203, 4.00435,1.41777, -0.110298, -0.0799409,0.755896,0.65115,-0.0158346,-0.0661414,-0.117274, 0.00791492, 0.00503951, 2.48407, -0.427449, -2.62573,-0.11616, 0.0102579, 0.01558,0.537132, -0.279622, -0.0556826, 37.3057, 31.4439, 14.3965
1120,-1.06532, 1.00223, 4.00465,1.47392, -0.118705, -0.12177,0.735417,0.672285,-0.00302448,-0.0847691,-0.0988411, 0.00313886, 0.00334668, 3.07046, 0.137315, -2.19525,-0.0974657, 0.00968112, 0.0140469,1.09676, -0.1978, -0.107623, 23.0101, 30.5902, 24.5294
1140,-1.06705, 1.00241, 4.0049,1.54076, -0.117238, -0.151791,0.711259,0.696397,0.01079,-0.095002,-0.0783225, 4.65612e-05, 0.000694097, 3.43285, 0.953623, -1.58872,-0.0769749, 0.00879186, 0.0115095,0.906534, -0.118007, -0.156918, 14.4107, 50.9034, 36.4395
1160,-1.06845, 1.00257, 4.00511,1.61596, -0.0999625, -0.168072,0.68463,0.72234,0.0262031,-0.0939135,-0.0665045, -0.00166477, -0.000223001, 3.62659, 1.8738, -0.911358,-0.0654914, 0.00647929, 0.00972505,0.288907, -0.0599507, -0.019512, 5.22013, 40.8722, 32.666
1180,-1.06979, 1.00268, 4.00531,1.69486, -0.0690355, -0.173111,0.656804,0.748306,0.0420034,-0.0829584,-0.0724658, -0.00248333, -0.00103818, 3.53692, 2.40264, -0.306673,-0.0715575, 0.00486824, 0.0106941,-0.769806, -0.0260789, -0.0629498, -12.6557, 14.7211, 29.2504
1200,-1.07143, 1.00276, 4.00556,1.76853, -0.0326181, -0.168524,0.630465,0.771472,0.0547861,-0.0659089,-0.0931384, -0.00257254, -0.0028216, 3.04363, 2.36718, 0.408991,-0.0920917, 0.00334703, 0.0140447,-1.08418, 0.0231187, -0.10968, -33.9588, -11.0758, 45.0124
1220,-1.07348, 1.0028, 4.00587,1.82725, 0.00255557, -0.148689,0.609267,0.789478,0.0595845,-0.0443649,-0.112811, -0.00102376, -0.00525165, 2.18092, 2.02333, 1.47945,-0.1117, 0.00100178, 0.0166504,-0.884353, 0.137702, -0.126079, -50.0209, -22.6709, 60.5753
1240,-1.07584, 1.0028, 4.00621,1.86389, 0.0326543, -0.106921,0.596045,0.801006,0.0526121,-0.01877,-0.121868, 0.00336238, -0.0074714, 1.08016, 1.42875, 2.69999,-0.120944, -0.00127009, 0.0170245,-0.0790633, 0.293348, -0.0859766, -59.7851, -35.9844, 61.4812
1260,-1.07816, 1.00276, 4.00654,1.87534, 0.0525998, -0.0437497,0.591785,0.805371,0.0331829,0.00825786,-0.107734, 0.0101836, -0.00823417, -0.0226554, 0.692684, 3.50165,-0.107416, -0.00203398, 0.0153577,1.26347, 0.355674, 0.00953049, -52.9672, -37.424, 24.4221
1280,-1.08009, 1.00272, 4.00683,1.8649, 0.0586443, 0.0297556,0.595196,0.802908,0.00552519,0.0324032,-0.0888978, 0.0168898, -0.00704313, -0.950947, -0.0403581, 3.6969,-0.0895663, -0.00252433, 0.0144637,0.464722, 0.316826, 0.10065, -41.7249, -35.5976, -1.0615
1300,-1.08189, 1.00265, 4.00711,1.83846, 0.0488956, 0.103085,0.604443,0.794607,-0.0261482,0.0506454,-0.0920551, 0.0230363, -0.00419192, -1.6981, -0.705015, 3.43272,-0.0939814, -0.00413039, 0.0131461,-0.668797, 0.303643, 0.18238, -35.0639, -32.4006, -22.9504
1320,-1.08396, 1.00255, 4.00734,1.80104, 0.0224817, 0.167685,0.618245,0.781432,-0.0586637,0.0607966,-0.109702, 0.0290523, 0.000368619, -2.33322, -1.38574, 2.90334,-0.112939, -0.00547915, 0.00966729,-1.00605, 0.295317, 0.11423, -31.595, -37.19, -28.2376
1340,-1.08646, 1.00247, 4.00749,1.75512, -0.0233646, 0.219483,0.636127,0.763684,-0.0916564,0.0610513,-0.132249, 0.0347334, 0.00430599, -3.06513, -2.1839, 2.28192,-0.136687, -0.00247406, 0.00503858,-1.11618, 0.266539, 0.281348, -41.5723, -38.399, -35.6681
1360,-1.08939, 1.00246, 4.00754,1.70142, -0.087837, 0.25691,0.657615,0.741126,-0.124922,0.0516626,-0.147078, 0.0394331, 0.0116254, -3.55101, -2.69295, 1.84889,-0.152707, 0.00109614, 0.00116887,-0.363133, 0.20708, 0.425097, -11.2624, -12.8582, -12.739
1380,-1.09249, 1.00251, 4.00755,1.64648, -0.160133, 0.285403,0.679123,0.715841,-0.157784,0.0383183,-0.147976, 0.0430033, 0.0206294, -3.58338, -2.74968, 1.71964,-0.15543, 0.00364313, 8.69613e-05,0.19645, 0.154867, 0.457668, 5.5033, 4.51596, -1.82307
1400,-1.09557, 1.0026, 4.00755,1.59463, -0.232032, 0.309481,0.698409,0.689716,-0.189436,0.0251203,-0.143043, 0.0456744, 0.0295462, -3.36925, -2.63929, 1.69767,-0.152948, 0.00522937, 0.000246636,0.257899, 0.115852, 0.432786, 14.4033, 5.37971, -1.11508
1420,-1.0986, 1.00272, 4.00756,1.54856, -0.301214, 0.331083,0.714456,0.66416,-0.219714,0.0130037,-0.137693, 0.0476726, 0.0378432, -3.03039, -2.53456, 1.67434,-0.150402, 0.00659002, 0.000343563,0.275355, 0.087143, 0.397405, 18.6173, 5.12257, -1.21635
1440,-1.10158, 1.00286, 4.00757,1.50979, -0.366884, 0.351624,0.726948,0.64009,-0.248651,0.00218979,-0.132045, 0.0492048, 0.0453648, -2.63268, -2.43412, 1.64886,-0.147833, 0.00776643, 0.000399677,0.288051, 0.0686647, 0.356061, 20.829, 4.93976, -1.32569
1460,-1.10451, 1.00303, 4.00758,1.47924, -0.428494, 0.372516,0.735888,0.61812,-0.276306,-0.00715125,-0.126189, 0.0504698, 0.0520194, -2.20029, -2.3368, 1.62122,-0.145256, 0.00879375, 0.000435961,0.296503, 0.0598274, 0.3112, 22.3537, 4.80608, -1.4323
1480,-1.10739, 1.00322, 4.00759,1.45783, -0.485552, 0.395222,0.741368,0.598743,-0.302754,-0.0148585,-0.120203, 0.0516554, 0.0577508, -1.73467, -2.24172, 1.5915,-0.142681, 0.00970185, 0.000468186,0.301273, 0.0602277, 0.263938, 24.1681, 4.71296, -1.53379
1500,-1.11022, 1.00342, 4.00759,1.44674, -0.537487, 0.421328,0.743449,0.582427,-0.328073,-0.020748,-0.114156, 0.0529418, 0.0625164, -1.23519, -2.14813, 1.55981,-0.140114, 0.0105145, 0.000508587,0.302901, 0.0692977, 0.214834, 25.6982, 4.65441, -1.62901
1520,-1.11299, 1.00364, 4.00761,1.44712, -0.583646, 0.452418,0.742202,0.569553,-0.352335,-0.0246359,-0.108104, 0.0544877, 0.0662868, -0.711458, -2.05544, 1.52632,-0.137559, 0.0112495, 0.000567249,0.301886, 0.0854995, 0.164575, 26.6085, 4.61842, -1.71419
1540,-1.11572, 1.00387, 4.00762,1.45995, -0.623284, 0.489899,0.73771,0.560371,-0.375598,-0.0263575,-0.102097, 0.056416, 0.0690428, -0.168845, -1.96334, 1.49125,-0.135022, 0.0119199, 0.000652782,0.298673, 0.107125, 0.113311, 27.9005, 4.59613, -1.78711
1560,-1.11839, 1.00411, 4.00763,1.48616, -0.655363, 0.535028,0.729965,0.555128,-0.397898,-0.0257095,-0.0961739, 0.05883, 0.0707506, 0.406368, -1.87149, 1.45482,-0.132508, 0.0125342, 0.000772545,0.293618, 0.133629, 0.0596882, 29.5045, 4.59129, -1.85088
1580,-1.12102, 1.00437, 4.00765,1.52638, -0.678528, 0.588655,0.718874,0.554035,-0.41924,-0.0224595,-0.0903688, 0.0618076, 0.0713551, 1.00511, -1.77962, 1.41723,-0.130022, 0.0130983, 0.000932694,0.28698, 0.162748, 0.00318949, 29.9644, 4.59492, -1.90301
1600,-1.12359, 1.00464, 4.00767,1.58007, -0.691366, 0.650615,0.704383,0.557084,-0.439581,-0.0164459,-0.0847113, 0.0653612, 0.070804, 1.60491, -1.68775, 1.37877,-0.127572, 0.0136157, 0.00113777,0.278955, 0.190831, -0.0558314, 29.9463, 4.59111, -1.93842
1620,-1.12612, 1.00492, 4.0077,1.64374, -0.693686, 0.718471,0.686963,0.56347,-0.458824,-0.0079732,-0.079227, 0.0693315, 0.0691527, 1.95849, -1.59694, 1.34012,-0.125162, 0.0140893, 0.00138999,0.26978, 0.20034, -0.102435, 8.90229, 4.45839, -1.91193
1640,-1.1286, 1.0052, 4.00773,1.70931, -0.688876, 0.786702,0.66836,0.570848,-0.47689,0.00157605,-0.0739333, 0.0732262, 0.0668093, 2.02397, -1.51058, 1.30276,-0.122792, 0.014522, 0.00168794,0.260028, 0.18752, -0.128099, -0.469512, 4.17828, -1.82293
1660,-1.13103, 1.0055, 4.00776,1.7723, -0.679625, 0.852217,0.649642,0.577916,-0.493811,0.0113336,-0.0688366, 0.0767647, 0.0640804, 1.97746, -1.43033, 1.2674,-0.120461, 0.0149169, 0.00202886,0.250138, 0.166852, -0.142903, -3.25638, 3.86204, -1.71864
1680,-1.13341, 1.0058, 4.00781,1.83133, -0.667281, 0.91404,0.63118,0.584301,-0.50967,0.0209941,-0.063937, 0.0798754, 0.0611098, 1.90603, -1.3563, 1.23408,-0.118166, 0.0152774, 0.00241105,0.240334, 0.145326, -0.153047, -4.03973, 3.55949, -1.61907
1700,-1.13575, 1.00611, 4.00786,1.88597, -0.65275, 0.971904,0.613145,0.589891,-0.524555,0.0304143,-0.0592315, 0.0825517, 0.0579834, 1.80269, -1.28818, 1.2027,-0.115903, 0.0156074, 0.00283422,0.230744, 0.123188, -0.158302, -6.37872, 3.26758, -1.52356
1720,-1.13805, 1.00642, 4.00792,1.93574, -0.637359, 1.02557,0.595853,0.594437,-0.538571,0.0393167,-0.0547143, 0.0847694, 0.054824, 1.64086, -1.22591, 1.17324,-0.113671, 0.0159108, 0.00329909,0.221507, 0.0994933, -0.156415, -9.71349, 2.97297, -1.42792
1740,-1.1403, 1.00675, 4.00799,1.98019, -0.622813, 1.07493,0.579745,0.597598,-0.551846,0.0473046,-0.0503768, 0.0864968, 0.0517897, 1.40612, -1.16962, 1.1457,-0.111468, 0.0161908, 0.00380676,0.212777, 0.074284, -0.146049, -13.5641, 2.66996, -1.3307
1760,-1.1425, 1.00707, 4.00807,2.01909, -0.611014, 1.12008,0.565322,0.599007,-0.564531,0.0539108,-0.0462073, 0.0877083, 0.0490566, 1.09313, -1.11948, 1.12012,-0.109292, 0.016449, 0.00435797,0.204703, 0.0480624, -0.126755, -17.484, 2.35768, -1.23196
1780,-1.14467, 1.0074, 4.00817,2.05247, -0.603876, 1.16127,0.553078,0.598316,-0.576787,0.0586474,-0.0421911, 0.0883907, 0.0467986, 0.706302, -1.07566, 1.09652,-0.107146, 0.0166849, 0.00495238,0.197413, 0.0215018, -0.0991454, -20.9423, 2.0396, -1.13285
1800,-1.14679, 1.00774, 4.00827,2.08059, -0.603132, 1.19891,0.543437,0.595235,-0.588764,0.0610581,-0.0383118, 0.0885432, 0.0451668, 0.255938, -1.03821, 1.07489,-0.105029, 0.0168956, 0.00558799,0.190994, -0.00494514, -0.0646682, -24.1516, 1.72144, -1.03486
1820,-1.14887, 1.00808, 4.00839,2.10386, -0.610387, 1.23345,0.536759,0.589488,-0.60059,0.0606973,-0.0345512, 0.0881633, 0.04429, -0.255722, -1.00712, 1.05522,-0.102944, 0.0170761, 0.00626103,0.185497, -0.0317769, -0.0242329, -26.8155, 1.40457, -0.937787
1840,-1.1509, 1.00842, 4.00853,2.12281, -0.626991, 1.26534,0.533295,0.580828,-0.612346,0.0571691,-0.0308907, 0.0872406, 0.0442624, -0.808031, -0.982281, 1.03746,-0.100892, 0.0172196, 0.00696617,0.180932, -0.0592157, 0.0194874, -27.9285, 1.09738, -0.843403
1860,-1.1529, 1.00877, 4.00867,2.13819, -0.653659, 1.29509,0.533058,0.569126,-0.624035,0.0502513,-0.0273122, 0.0857647, 0.0451052, -1.36501, -0.963355, 1.02153,-0.0988778, 0.017319, 0.00769738,0.177237, -0.0871038, 0.0622622, -27.7202, 0.813824, -0.755018
1880,-1.15486, 1.00911, 4.00883,2.15086, -0.690591, 1.32325,0.535875,0.554328,-0.635586,0.0398642,-0.0237995, 0.0837185, 0.0467747, -1.91744, -0.949827, 1.00731,-0.0969021, 0.0173682, 0.00844908,0.174289, -0.116391, 0.102107, -27.4743, 0.555966, -0.672356
1900,-1.15677, 1.00946, 4.00901,2.16168, -0.737882, 1.35034,0.541507,0.536348,-0.646859,0.0259491,-0.0203392, 0.0810611, 0.0491999, -2.46508, -0.941205, 0.994687,-0.0949672, 0.0173633, 0.00921697,0.171944, -0.148274, 0.137847, -27.2391, 0.321688, -0.594007
1920,-1.15865, 1.00981, 4.0092,2.17205, -0.793667, 1.37729,0.549164,0.515599,-0.657643,0.00909473,-0.0169214, 0.0778186, 0.052153, -2.75541, -0.936369, 0.983394,-0.0930734, 0.0173029, 0.00999854,0.169953, -0.171436, 0.150433, -5.43789, 0.199329, -0.546858
1940,-1.16049, 1.01015, 4.00941,2.18458, -0.851453, 1.40604,0.556936,0.493816,-0.667753,-0.00855281,-0.0135441, 0.0742917, 0.0550456, -2.74822, -0.932442, 0.97259,-0.0912179, 0.0171901, 0.0107943,0.167838, -0.179002, 0.13695, 4.18479, 0.206136, -0.537852
1960,-1.1623, 1.0105, 4.00964,2.20092, -0.907401, 1.43798,0.563836,0.472082,-0.677175,-0.02571,-0.0102126, 0.0707076, 0.0575573, -2.62789, -0.927796, 0.961792,-0.0893977, 0.0170305, 0.0116064,0.165375, -0.178621, 0.114807, 6.88627, 0.258846, -0.542649
1980,-1.16407, 1.01083, 4.00988,2.22197, -0.960295, 1.47404,0.56965,0.450767,-0.685964,-0.0419759,-0.00693416, 0.0671665, 0.0596159, -2.48934, -0.922016, 0.950874,-0.0876103, 0.0168293, 0.0124371,0.162551, -0.175346, 0.0923656, 7.18072, 0.315844, -0.54876
2000,-1.1658, 1.01117, 4.01013,2.24845, -1.00971, 1.51502,0.574386,0.430014,-0.694186,-0.0572288,-0.00371557, 0.0637174, 0.0612294, -2.3278, -0.915076, 0.939826,-0.0858542, 0.0165903, 0.0132876,0.159418, -0.169244, 0.0699628, 9.07957, 0.376686, -0.556172
2020,-1.1675, 1.0115, 4.01041,2.28113, -1.05474, 1.56177,0.577965,0.410101,-0.70193,-0.0711864,-0.00056249, 0.0604337, 0.0623839, -2.11885, -0.906799, 0.928589,-0.0841285, 0.0163166, 0.0141586,0.156019, -0.158871, 0.0464652, 11.7464, 0.449698, -0.567731
2040,-1.16917, 1.01183, 4.01069,2.32043, -1.09411, 1.6148,0.580272,0.391397,-0.709315,-0.0834581,0.00137259, 0.0574142, 0.0630644, -1.85417, -0.896954, 0.917091,-0.0824212, 0.0167622, 0.0141831,0.0806582, -0.14289, 0.0228647, 14.5687, 0.53174, -0.58157
2060,-1.1708, 1.01217, 4.01098,2.366, -1.12654, 1.67386,0.581203,0.374292,-0.716479,-0.0936289,0.00294571, 0.054766, 0.0632722, -1.53463, -0.885367, 0.90528,-0.0807089, 0.0173583, 0.0140043,0.07682, -0.122297, -0.000935937, 17.2043, 0.623977, -0.599383
2080,-1.17239, 1.01252, 4.01125,2.41618, -1.15084, 1.73742,0.580691,0.359147,-0.723567,-0.101307,0.00444067, 0.0525681, 0.0630032, -1.16608, -0.871845, 0.893071,-0.0789934, 0.0179187, 0.0138383,0.072859, -0.0982, -0.0247392, 19.4722, 0.724206, -0.620945
2100,-1.17395, 1.01289, 4.01153,2.46784, -1.16613, 1.8025,0.578699,0.34627,-0.73071,-0.106148,0.00585564, 0.0508795, 0.062261, -0.756584, -0.856272, 0.880404,-0.0772779, 0.0184465, 0.0136856,0.0688325, -0.0716757, -0.0482536, 21.3179, 0.828156, -0.644819
2120,-1.17548, 1.01326, 4.0118,2.51665, -1.17189, 1.8649,0.575212,0.335909,-0.738013,-0.107856,0.00718983, 0.0497371, 0.0610512, -0.311368, -0.838614, 0.867247,-0.0755661, 0.0189461, 0.0135474,0.0647889, -0.0437502, -0.0716015, 23.3383, 0.932709, -0.669842
2140,-1.17698, 1.01364, 4.01207,2.5578, -1.16773, 1.92001,0.570181,0.328314,-0.745551,-0.106095,0.00844324, 0.0491679, 0.0593655, 0.181687, -0.818829, 0.853571,-0.0738617, 0.0194226, 0.0134258,0.0607575, -0.0144683, -0.0959949, 25.7842, 1.04095, -0.696738
2160,-1.17844, 1.01404, 4.01234,2.5871, -1.15328, 1.96382,0.563506,0.32375,-0.753362,-0.100466,0.00961623, 0.0491905, 0.0571738, 0.7209, -0.796851, 0.839343,-0.0721679, 0.0198824, 0.0133235,0.056744, 0.0151694, -0.122201, 27.6743, 1.15124, -0.724696
2180,-1.17986, 1.01444, 4.0126,2.60229, -1.12844, 1.99427,0.55509,0.322369,-0.761403,-0.0906598,0.010709, 0.0497884, 0.0544405, 1.28151, -0.772725, 0.824572,-0.0704876, 0.020333, 0.013244,0.0527341, 0.0426988, -0.150008, 28.2712, 1.25446, -0.75052
2200,-1.18125, 1.01485, 4.01287,2.6052, -1.09506, 2.01323,0.54516,0.323663,-0.769466,-0.0772261,0.0117215, 0.0508153, 0.0512136, 1.61282, -0.747172, 0.809481,-0.0688223, 0.0207824, 0.0131911,0.0487222, 0.0553018, -0.168539, 8.22729, 1.27631, -0.751415
2220,-1.18261, 1.01527, 4.01313,2.60272, -1.05883, 2.02708,0.534661,0.325899,-0.777191,-0.0624623,0.0126545, 0.051898, 0.0477786, 1.67093, -0.722316, 0.794716,-0.0671709, 0.0212367, 0.013168,0.0447876, 0.0515917, -0.173233, -0.578268, 1.2039, -0.723777
2240,-1.18394, 1.0157, 4.0134,2.59871, -1.02293, 2.03937,0.52415,0.328104,-0.784434,-0.0477209,0.0135101, 0.0528395, 0.0443196, 1.62708, -0.699289, 0.780618,-0.0655307, 0.0216993, 0.0131766,0.0409876, 0.0427197, -0.172265, -2.90894, 1.10251, -0.687442
2260,-1.18523, 1.01614, 4.01366,2.59435, -0.988262, 2.05116,0.513793,0.330009,-0.791198,-0.0334034,0.0142912, 0.0535973, 0.0408966, 1.56343, -0.678299, 0.76725,-0.063899, 0.0221729, 0.0132184,0.0373359, 0.0335268, -0.169967, -3.78028, 1.00197, -0.651275
2280,-1.18649, 1.01659, 4.01393,2.5902, -0.955229, 2.06294,0.503675,0.331498,-0.797516,-0.0197099,0.0150009, 0.0541668, 0.0375385, 1.46307, -0.659335, 0.75461,-0.0622734, 0.0226598, 0.013295,0.0338336, 0.023748, -0.165577, -6.30783, 0.898357, -0.614168
2300,-1.18772, 1.01705, 4.01419,2.58713, -0.924681, 2.07542,0.493971,0.332331,-0.803429,-0.00705057,0.0156423, 0.0545305, 0.0343023, 1.3042, -0.642534, 0.742739,-0.060652, 0.0231619, 0.0134074,0.0304967, 0.0130184, -0.157819, -9.46762, 0.785774, -0.574452
2320,-1.18892, 1.01752, 4.01446,2.58615, -0.89767, 2.08938,0.484901,0.332218,-0.809003,0.00405777,0.0162188, 0.0546728, 0.0312603, 1.08091, -0.628085, 0.731692,-0.0590329, 0.0236795, 0.0135561,0.0273509, 0.00172943, -0.146333, -12.6773, 0.663746, -0.531954
2340,-1.19008, 1.01799, 4.01473,2.58827, -0.875235, 2.10555,0.476687,0.330879,-0.81432,0.0130836,0.0167347, 0.0545885, 0.0284859, 0.795492, -0.61616, 0.72152,-0.0574145, 0.0242112, 0.0137404,0.0244251, -0.00953854, -0.131306, -15.657, 0.534217, -0.487113
2360,-1.19121, 1.01848, 4.01501,2.59451, -0.858287, 2.12463,0.469531,0.328063,-0.819472,0.0195262,0.0171947, 0.0542835, 0.0260452, 0.453386, -0.60688, 0.712265,-0.0557953, 0.0247537, 0.0139587,0.0217471, -0.0203238, -0.113199, -18.4839, 0.399788, -0.44047
2380,-1.19231, 1.01899, 4.01529,2.606, -0.847663, 2.14743,0.463617,0.323524,-0.824541,0.0228832,0.0176039, 0.0537676, 0.0239992, 0.0480704, -0.600347, 0.703965,-0.0541738, 0.0253012, 0.0142079,0.0193432, -0.0306975, -0.0919207, -21.816, 0.259489, -0.391505
2400,-1.19338, 1.0195, 4.01558,2.62424, -0.844204, 2.17508,0.459124,0.316983,-0.829588,0.0225962,0.0179682, 0.0530471, 0.0224108, -0.42096, -0.596681, 0.696672,-0.0525484, 0.0258455, 0.0144836,0.0172416, -0.0408129, -0.0676938, -24.8663, 0.113644, -0.339951
2420,-1.19441, 1.02002, 4.01587,2.64951, -0.84714, 2.20785,0.455917,0.308565,-0.834609,0.0188534,0.0182936, 0.0521575, 0.0212534, -0.72202, -0.595558, 0.69032,-0.0509174, 0.0263766, 0.0147805,0.0154288, -0.0465007, -0.0519424, -7.93787, 0.0207031, -0.301888
2440,-1.19541, 1.02055, 4.01617,2.67803, -0.852109, 2.24301,0.453161,0.299408,-0.839531,0.0137186,0.0185845, 0.0512203, 0.020257, -0.791693, -0.595436, 0.684494,-0.0492797, 0.026887, 0.0150948,0.0137579, -0.0466769, -0.0491345, -0.645912, -0.000282095, -0.283605
2460,-1.19638, 1.0211, 4.01648,2.70731, -0.856693, 2.27873,0.450398,0.290172,-0.844317,0.00840204,0.0188426, 0.0503028, 0.0192599, -0.781671, -0.595422, 0.678944,-0.0476347, 0.0273741, 0.0154257,0.0121346, -0.0450575, -0.0507592, 0.904044, 0.00286276, -0.272497
2480,-1.19732, 1.02165, 4.01679,2.73654, -0.860287, 2.31438,0.447513,0.281032,-0.848966,0.00323143,0.0190684, 0.0494216, 0.0182198, -0.751474, -0.595292, 0.673594,-0.0459819, 0.0278375, 0.0157735,0.0105326, -0.0430711, -0.0533554, 2.39896, 0.0109234, -0.263353
2500,-1.19822, 1.02221, 4.01711,2.76493, -0.862444, 2.34933,0.444421,0.272134,-0.853481,-0.00151422,0.0192623, 0.0485875, 0.0171072, -0.673737, -0.594894, 0.66839,-0.044321, 0.0282775, 0.016139,0.00893493, -0.0403277, -0.0581321, 5.37668, 0.030268, -0.258098
2520,-1.19909, 1.02278, 4.01744,2.79097, -0.862416, 2.38243,0.440977,0.263743,-0.857876,-0.00532724,0.019424, 0.0478179, 0.0158679, -0.529776, -0.593951, 0.663238,-0.0426518, 0.0286956, 0.0165236,0.0073109, -0.0366641, -0.0659355, 8.8757, 0.0649405, -0.258093
2540,-1.19992, 1.02336, 4.01777,2.8128, -0.859398, 2.4122,0.437015,0.256174,-0.862169,-0.00758821,0.0195527, 0.0471302, 0.0144376, -0.309646, -0.592144, 0.658025,-0.040974, 0.0290951, 0.0169299,0.00562326, -0.0322197, -0.0771313, 12.9328, 0.116056, -0.263856
2560,-1.20072, 1.02394, 4.01811,2.82828, -0.85258, 2.437,0.432364,0.249775,-0.866381,-0.00760139,0.0196465, 0.0465365, 0.0127459, -0.009107, -0.589142, 0.652636,-0.0392874, 0.0294816, 0.0173617,0.00383014, -0.0273776, -0.0918842, 16.8814, 0.183227, -0.275412
2580,-1.20149, 1.02454, 4.01847,2.83539, -0.841234, 2.45533,0.426858,0.244878,-0.87052,-0.0046732,0.019703, 0.0460378, 0.0107233, 0.367719, -0.584652, 0.646961,-0.0375917, 0.0298635, 0.0178246,0.0018884, -0.022836, -0.110005, 20.5565, 0.263743, -0.291987
2600,-1.20223, 1.02514, 4.01883,2.83425, -0.825654, 2.46737,0.420533,0.241451,-0.874558,0.00117828,0.0197189, 0.0456071, 0.00836638, 0.613885, -0.578781, 0.641012,-0.0358866, 0.0302518, 0.0183252,-0.00021291, -0.0210181, -0.122867, 6.41838, 0.30795, -0.298827
2620,-1.20293, 1.02575, 4.0192,2.82972, -0.808525, 2.47683,0.413891,0.23861,-0.87846,0.00818171,0.019692, 0.0451813, 0.00585957, 0.670778, -0.572668, 0.63511,-0.0341716, 0.0306549, 0.018869,-0.00236781, -0.0217241, -0.126749, 0.663427, 0.298845, -0.290386
2640,-1.20359, 1.02637, 4.01958,2.82453, -0.791289, 2.48574,0.407209,0.23587,-0.882219,0.0153378,0.0196222, 0.0447339, 0.00331138, 0.669862, -0.566939, 0.629435,-0.0324458, 0.0310763, 0.0194589,-0.00450932, -0.0229567, -0.127899, -0.345836, 0.274737, -0.2776
2660,-1.20422, 1.02699, 4.01998,2.81936, -0.774309, 2.49463,0.400555,0.233104,-0.885843,0.0223829,0.0195097, 0.0442618, 0.000748096, 0.645206, -0.561727, 0.624026,-0.0307087, 0.031518, 0.0200971,-0.0066233, -0.0241852, -0.128149, -2.32316, 0.246654, -0.26364
2680,-1.20483, 1.02762, 4.02038,2.81512, -0.758053, 2.50412,0.394019,0.230154,-0.889348,0.0289624,0.0193622, 0.0437737, 5.28623e-06, 0.56632, -0.557166, 0.618927,-0.0302075, 0.0315642, 0.0195508,-0.00772613, -0.0242475, 0.0545724, -5.52372, 0.209841, -0.246456
2700,-1.20543, 1.02825, 4.02076,2.81319, -0.743255, 2.51513,0.387747,0.22677,-0.892769,0.0345052,0.0192024, 0.0432945, -9.45093e-05, 0.416272, -0.553466, 0.614214,-0.0300694, 0.0314859, 0.0186446,-0.00820265, -0.0236854, -0.118202, -9.39742, 0.160046, -0.225088
2720,-1.20603, 1.02888, 4.02112,2.81522, -0.730757, 2.52872,0.381906,0.222661,-0.896159,0.0383185,0.0190325, 0.0428258, -2.4634e-05, 0.185487, -0.550928, 0.609978,-0.0299199, 0.0314054, 0.0177422,-0.00875871, -0.023205, 0.0713455, -13.4624, 0.0945047, -0.199064
2740,-1.20663, 1.02951, 4.02147,2.82295, -0.721368, 2.54601,0.376663,0.217528,-0.899574,0.0396706,0.0188535, 0.0423673, -7.91296e-05, -0.125278, -0.549849, 0.60631,-0.0295224, 0.0314094, 0.0170975,-0.00914197, -0.0226937, -0.0949466, -17.371, 0.0151484, -0.168578
2760,-1.20721, 1.03014, 4.02181,2.83815, -0.71574, 2.5681,0.372157,0.21109,-0.903055,0.0378524,0.0186662, 0.0419184, -1.81005e-05, -0.511148, -0.550489, 0.603295,-0.0290014, 0.0314545, 0.0165866,-0.00952504, -0.022245, -0.0788434, -20.9726, -0.0762641, -0.133993
2780,-1.20778, 1.03077, 4.02213,2.8608, -0.713443, 2.59499,0.368327,0.203382,-0.90658,0.0329303,0.0184712, 0.0414788, -2.60373e-05, -0.755614, -0.552728, 0.600911,-0.0282419, 0.0315762, 0.0163405,-0.00990762, -0.0217866, -0.0682443, -6.03526, -0.131721, -0.109394
2800,-1.20834, 1.0314, 4.02246,2.88622, -0.711907, 2.6236,0.364688,0.195205,-0.910042,0.0268513,0.0182692, 0.041048, 7.38742e-05, -0.802298, -0.555445, 0.598834,-0.0274805, 0.0316905, 0.0161009,-0.0103052, -0.0212739, 0.113179, -0.0580456, -0.134974, -0.100296
2820,-1.20888, 1.03204, 4.02278,2.91172, -0.709841, 2.6522,0.360991,0.186998,-0.913394,0.0206967,0.0180603, 0.0406261, -3.42376e-06, -0.788183, -0.558019, 0.596874,-0.0265998, 0.0318293, 0.0160001,-0.0105802, -0.0209134, -0.0671365, 0.988644, -0.122474, -0.0962368
2840,-1.20941, 1.03267, 4.0231,2.93655, -0.706967, 2.68027,0.357181,0.178871,-0.916629,0.0147452,0.0178448, 0.040213, 7.53021e-05, -0.752219, -0.560309, 0.594978,-0.0258346, 0.0319263, 0.015774,-0.010965, -0.0204003, 0.110751, 2.82721, -0.106121, -0.093903
2860,-1.20991, 1.03331, 4.02341,2.95977, -0.703009, 2.7072,0.3532,0.170957,-0.919748,0.00934277,0.0176229, 0.0398087, 0.000102344, -0.664291, -0.562166, 0.593092,-0.0250673, 0.0320156, 0.0155545,-0.0112644, -0.019993, 0.107174, 5.93433, -0.0788818, -0.0953972
2880,-1.21041, 1.03396, 4.02372,2.97984, -0.697563, 2.73198,0.348958,0.163475,-0.922756,0.00505898,0.0173945, 0.0394131, 3.08965e-05, -0.50879, -0.563337, 0.591125,-0.0242981, 0.0320962, 0.0153426,-0.0116171, -0.0195327, 0.100972, 9.50047, -0.0380306, -0.10179
2900,-1.21088, 1.0346, 4.02402,2.99496, -0.690237, 2.75346,0.344359,0.156678,-0.925669,0.00256768,0.0171599, 0.0390261, -1.3542e-05, -0.276137, -0.563535, 0.588975,-0.0236423, 0.0321476, 0.0150024,-0.0118442, -0.0191653, -0.0875159, 13.5492, 0.0179719, -0.11358
2920,-1.21135, 1.03524, 4.02432,3.0032, -0.680662, 2.77043,0.339309,0.150836,-0.9285,0.00261318,0.016919, 0.0386476, -8.91629e-05, 0.0363591, -0.562461, 0.586532,-0.0230977, 0.0321744, 0.0145327,-0.0122007, -0.0187188, -0.0994598, 17.4587, 0.0881701, -0.130707
2940,-1.21181, 1.03588, 4.0246,3.00273, -0.668513, 2.78185,0.333721,0.146203,-0.931246,0.00592582,0.0166713, 0.0382776, -7.21671e-05, 0.42417, -0.559851, 0.583696,-0.0227728, 0.0321601, 0.0137927,-0.0125085, -0.0182759, -0.113973, 21.0787, 0.170644, -0.152445
2960,-1.21227, 1.03653, 4.02487,2.99389, -0.654014, 2.78806,0.32763,0.142743,-0.933878,0.0124547,0.0164166, 0.0379158, 3.98535e-05, 0.675647, -0.555805, 0.580485,-0.0226583, 0.0321007, 0.0127775,-0.0128776, -0.0178756, 0.0558177, 6.47821, 0.219374, -0.164378
2980,-1.21272, 1.03717, 4.02511,2.98186, -0.638703, 2.79239,0.321351,0.139739,-0.936375,0.0202333,0.0161554, 0.0375625, 5.09751e-05, 0.731713, -0.551381, 0.577217,-0.0225288, 0.0320309, 0.0117652,-0.0131997, -0.0174431, 0.0539373, 0.54717, 0.218343, -0.161081
3000,-1.21316, 1.03781, 4.02534,2.96946, -0.623402, 2.79659,0.315052,0.136801,-0.938741,0.0281582,0.0158878, 0.0372177, -0.000122908, 0.727582, -0.547174, 0.574076,-0.0222796, 0.031975, 0.0109,-0.0135139, -0.0170222, -0.125074, -0.503443, 0.202718, -0.153317
3020,-1.21361, 1.03845, 4.02555,2.95741, -0.608316, 2.80108,0.308775,0.133831,-0.940986,0.0359418,0.0156139, 0.036881, -9.85951e-05, 0.700463, -0.543313, 0.571099,-0.0221227, 0.0318851, 0.00989646,-0.0138041, -0.0165963, -0.123685, -2.42246, 0.183194, -0.144358
3040,-1.21405, 1.03908, 4.02573,2.94658, -0.593698, 2.80635,0.30257,0.130708,-0.943133,0.0432168,0.015334, 0.0365525, -2.8576e-05, 0.619834, -0.539943, 0.568334,-0.021951, 0.031784, 0.00889677,-0.0141573, -0.0162669, 0.0590732, -5.60422, 0.15321, -0.132199
3060,-1.21449, 1.03972, 4.0259,2.93837, -0.579948, 2.81314,0.296516,0.127244,-0.945224,0.0493868,0.0150487, 0.0362321, -4.78444e-05, 0.469688, -0.537307, 0.565854,-0.0216659, 0.0317027, 0.00804766,-0.014442, -0.015873, 0.0647455, -9.34333, 0.110138, -0.115887
3080,-1.21492, 1.04035, 4.02605,2.93441, -0.56751, 2.82228,0.290703,0.123223,-0.947323,0.0537389,0.0147582, 0.0359196, -0.000104437, 0.239735, -0.535627, 0.563748,-0.0212728, 0.0316458, 0.0073516,-0.0146268, -0.0154353, -0.10632, -13.4334, 0.057813, -0.0949037
3100,-1.21534, 1.04098, 4.02619,2.93644, -0.556807, 2.83461,0.285215,0.11842,-0.949499,0.0555018,0.0144631, 0.0356148, 3.67406e-05, -0.0706673, -0.535176, 0.562111,-0.0208718, 0.0315847, 0.00666099,-0.0148818, -0.015061, 0.0843809, -17.3631, -0.0121839, -0.06933
3120,-1.21575, 1.04162, 4.02632,2.94455, -0.547725, 2.85009,0.28004,0.112825,-0.95177,0.054604,0.0141636, 0.0353174, 2.42736e-05, -0.271513, -0.536023, 0.560945,-0.0202745, 0.0315832, 0.00627462,-0.0150968, -0.014684, 0.0920245, -4.97528, -0.060623, -0.0512739
3140,-1.21615, 1.04225, 4.02644,2.95479, -0.539097, 2.8666,0.274955,0.106939,-0.954037,0.0527066,0.0138605, 0.0350271, 9.3005e-05, -0.312473, -0.537377, 0.559992,-0.0196741, 0.0315784, 0.00589465,-0.015249, -0.0143474, 0.0937281, -0.327019, -0.0707074, -0.0454179
3160,-1.21653, 1.04288, 4.02656,2.96508, -0.53036, 2.88303,0.26985,0.101023,-0.956245,0.0506923,0.0135536, 0.0347437, -7.34214e-06, -0.309425, -0.538741, 0.55911,-0.0189789, 0.0315982, 0.00567348,-0.0153868, -0.0140224, -0.0858274, 0.506029, -0.0654929, -0.04308
3180,-1.21691, 1.04351, 4.02667,2.97482, -0.52138, 2.89909,0.2647,0.0951505,-0.958383,0.0488167,0.013243, 0.0344675, 6.32122e-05, -0.277395, -0.539955, 0.558257,-0.0183718, 0.0315863, 0.00530737,-0.0156265, -0.0136444, 0.0927123, 2.86977, -0.0547303, -0.0427626
3200,-1.21727, 1.04414, 4.02677,2.98295, -0.51196, 2.91427,0.259463,0.0894447,-0.960427,0.0475336,0.0129291, 0.0341979, -8.50404e-05, -0.183533, -0.540827, 0.557369,-0.0176733, 0.0315957, 0.00510234,-0.0157815, -0.0133116, -0.0898625, 6.46568, -0.0312604, -0.0467041
3220,-1.21761, 1.04477, 4.02687,2.9879, -0.501843, 2.92781,0.254085,0.0840896,-0.962346,0.0475316,0.0126116, 0.0339353, 3.88359e-05, -0.0118183, -0.541071, 0.556347,-0.0171473, 0.0315517, 0.00459558,-0.0159854, -0.0129699, 0.0841021, 10.535, 0.00748585, -0.0559077
3240,-1.21795, 1.0454, 4.02696,2.98789, -0.490791, 2.93892,0.248515,0.0792854,-0.964103,0.0495919,0.0122905, 0.0336795, 2.29232e-05, 0.242168, -0.540378, 0.555085,-0.0166156, 0.0315042, 0.00409517,-0.0161692, -0.012644, 0.0758422, 14.636, 0.0615581, -0.0704571
3260,-1.21828, 1.04603, 4.02703,2.98261, -0.478849, 2.94755,0.242756,0.0750657,-0.965677,0.0538804,0.0119655, 0.0334302, 3.17978e-05, 0.407956, -0.538704, 0.553558,-0.0161619, 0.0314273, 0.00344533,-0.0163456, -0.012309, 0.0701916, 3.96803, 0.0955752, -0.0791663
3280,-1.2186, 1.04666, 4.0271,2.97539, -0.466662, 2.95532,0.236933,0.0710603,-0.967127,0.0589759,0.0116369, 0.0331877, -1.44339e-05, 0.440408, -0.536746, 0.551981,-0.015701, 0.0313443, 0.00280241,-0.0165541, -0.0119951, 0.0692471, 0.341908, 0.0983212, -0.0777769
3300,-1.21891, 1.04729, 4.02715,2.96787, -0.454523, 2.963,0.231104,0.0670892,-0.96849,0.0641697,0.0113047, 0.0329518, -6.32066e-05, 0.440409, -0.534775, 0.550463,-0.015233, 0.0312551, 0.00216681,-0.0166561, -0.0116067, -0.109979, -0.4987, 0.0983419, -0.0740204
3320,-1.21921, 1.04791, 4.02718,2.96061, -0.442528, 2.97084,0.225287,0.0630909,-0.969781,0.069208,0.010969, 0.0327226, -9.72561e-05, 0.404871, -0.532869, 0.549039,-0.014758, 0.0311597, 0.00153858,-0.0168453, -0.0112965, -0.108639, -3.17699, 0.0907513, -0.0681045
3340,-1.2195, 1.04853, 4.0272,2.95477, -0.430848, 2.97934,0.219514,0.0589458,-0.971044,0.073574,0.01063, 0.0324997, -8.31463e-05, 0.303091, -0.531257, 0.547776,-0.0142758, 0.0310579, 0.000917664,-0.0169991, -0.0109732, -0.105167, -6.9216, 0.0687975, -0.0580032
3360,-1.21978, 1.04915, 4.02722,2.95194, -0.419689, 2.98911,0.213823,0.0544936,-0.972343,0.0765443,0.010288, 0.0322834, 2.64311e-05, 0.12164, -0.530266, 0.546765,-0.0137862, 0.0309501, 0.000303493,-0.0171894, -0.0106723, 0.0803368, -11.0376, 0.0293431, -0.0429616
3380,-1.22005, 1.04977, 4.02722,2.95263, -0.409063, 3.00032,0.208218,0.0496861,-0.97371,0.0778749,0.00994333, 0.0320733, 7.12817e-05, 0.00553549, -0.530033, 0.54604,-0.013217, 0.0308685, -0.000142965,-0.0173004, -0.0103565, 0.084572, -2.33475, 0.00173136, -0.0322118
3400,-1.2203, 1.05039, 4.02721,2.95429, -0.398573, 3.01189,0.202629,0.0447732,-0.975061,0.0786956,0.00959612, 0.0318694, -2.32234e-05, -0.00748563, -0.530053, 0.545432,-0.012573, 0.0308138, -0.000419959,-0.0173792, -0.0100526, -0.0942836, 0.131073, -0.00163528, -0.0293249
3420,-1.22055, 1.051, 4.0272,2.9558, -0.388063, 3.02336,0.197027,0.0398656,-0.976354,0.0795222,0.0092464, 0.0316715, 6.52666e-05, 0.00308292, -0.530073, 0.544859,-0.0119952, 0.0307242, -0.000851837,-0.0175525, -0.00975133, 0.0851088, 1.26994, 0.000387352, -0.0282507
3440,-1.22078, 1.05162, 4.02718,2.95651, -0.37747, 3.03452,0.191403,0.0350215,-0.977566,0.0806432,0.00889432, 0.0314796, -4.02921e-05, 0.0578965, -0.529967, 0.544282,-0.0113461, 0.0306611, -0.00111265,-0.017629, -0.00945055, -0.0958761, 4.27564, 0.0118545, -0.0301212
3460,-1.221, 1.05223, 4.02715,2.95516, -0.366694, 3.04491,0.18574,0.0303535,-0.978647,0.0826427,0.00853966, 0.0312936, -1.74339e-05, 0.183272, -0.529478, 0.543619,-0.01076, 0.030563, -0.00152928,-0.0178339, -0.00917518, 0.0799853, 8.151, 0.0384993, -0.0366646
3480,-1.22121, 1.05284, 4.02712,2.95014, -0.35564, 3.05401,0.180024,0.0260006,-0.979526,0.0862751,0.00818278, 0.0311135, -9.22544e-05, 0.389614, -0.528271, 0.542771,-0.0101701, 0.0304603, -0.00193811,-0.0178932, -0.00885933, -0.105595, 12.2822, 0.0829585, -0.0483935
3500,-1.22141, 1.05345, 4.02707,2.941, -0.34434, 3.06172,0.174263,0.0219974,-0.980167,0.0917652,0.00782323, 0.0309391, -0.00010339, 0.524028, -0.526214, 0.541706,-0.00963778, 0.0303198, -0.00250372,-0.0180231, -0.00856856, -0.109788, 2.99925, 0.114321, -0.0555081
3520,-1.2216, 1.05405, 4.02701,2.93042, -0.333049, 3.06903,0.168494,0.0181154,-0.980663,0.0978828,0.00746118, 0.0307706, 2.69787e-05, 0.546223, -0.523851, 0.540602,-0.00915835, 0.0301365, -0.00322679,-0.0181748, -0.00830535, 0.0692745, 0.168395, 0.119542, -0.0542729
3540,-1.22178, 1.05465, 4.02694,2.91968, -0.32187, 3.07637,0.162735,0.0142502,-0.981065,0.104048,0.00709663, 0.0306077, -2.10199e-05, 0.542537, -0.521462, 0.539547,-0.0086125, 0.0299794, -0.00377541,-0.0183216, -0.00804526, 0.0696062, -0.844381, 0.118701, -0.0512249
3560,-1.22194, 1.05525, 4.02686,2.90935, -0.310841, 3.08394,0.156988,0.0103556,-0.981402,0.109986,0.00672987, 0.0304506, -5.09306e-05, 0.497525, -0.519165, 0.538575,-0.00806127, 0.0298149, -0.00431532,-0.0183541, -0.00768466, -0.10831, -3.75031, 0.109373, -0.0456688
3580,-1.2221, 1.05585, 4.02677,2.90064, -0.300016, 0.0495113,0.151259,0.00634175,-0.981746,0.115128,0.0063608, 0.0302991, -2.90052e-05, 0.382986, -0.517206, 0.537757,-0.00750417, 0.0296428, -0.00484632,-0.0185498, -0.0074754, 0.0747815, -7.60135, 0.0850241, -0.0358171
3600,-1.22224, 1.05644, 4.02667,2.89414, -0.289396, 0.0406516,0.145544,0.0021667,-0.982144,0.119189,0.00598974, 0.0301532, 6.54809e-05, 0.310574, -0.515734, 0.537131,-0.00694094, 0.0294634, -0.00536887,-0.0185971, -0.00716404, 0.0774727, -1.10279, 0.0677983, -0.0288353
3620,-1.22237, 1.05702, 4.02656,2.88813, -0.27888, 0.0315995,0.139834,-0.00204476,-0.982507,0.122973,0.00561689, 0.0300128, 3.80106e-06, 0.307732, -0.514397, 0.536566,-0.00632187, 0.0293203, -0.00571609,-0.0187243, -0.00691184, 0.0777844, 0.203077, 0.0668017, -0.0279857
3640,-1.22249, 1.05761, 4.02644,2.88188, -0.26844, 0.0225624,0.13413,-0.00624181,-0.982795,0.126822,0.00524214, 0.0298778, -5.72472e-05, 0.32724, -0.513034, 0.536004,-0.00569988, 0.0291723, -0.00605436,-0.01875, -0.00660595, -0.102014, 2.01269, 0.0706189, -0.0286094
3660,-1.2226, 1.05819, 4.02631,2.87461, -0.258067, 0.0137388,0.128435,-0.0103741,-0.982958,0.13111,0.00486562, 0.0297481, 4.04427e-05, 0.400954, -0.511486, 0.535396,-0.00512123, 0.0289738, -0.00655119,-0.0188832, -0.00636851, 0.0756495, 5.35941, 0.0857696, -0.0327549
3680,-1.2227, 1.05877, 4.02618,2.86495, -0.24777, 0.00545158,0.122761,-0.0143583,-0.982901,0.136487,0.00448722, 0.0296236, -0.000101129, 0.549555, -0.509472, 0.534654,-0.00449262, 0.028815, -0.00687134,-0.0189516, -0.00608699, -0.10795, 9.34892, 0.116981, -0.0418077
3700,-1.22278, 1.05934, 4.02604,2.85134, -0.237589, -0.00196503,0.117128,-0.0181045,-0.982497,0.143711,0.00410686, 0.0295043, 1.16915e-05, 0.773897, -0.506658, 0.533679,-0.00394733, 0.0285533, -0.00751656,-0.0190805, -0.00586935, 0.0653316, 12.8639, 0.164487, -0.055782
3720,-1.22286, 1.05991, 4.02588,2.83361, -0.227586, -0.00854019,0.111552,-0.0216086,-0.981692,0.15287,0.00372451, 0.0293901, 1.00937e-05, 0.906511, -0.502972, 0.53245,-0.00339492, 0.0282788, -0.00815074,-0.0191811, -0.00561456, 0.0614109, 2.45315, 0.194958, -0.0643513
3740,-1.22292, 1.06047, 4.02571,2.81473, -0.217784, -0.0150067,0.106012,-0.0250413,-0.98067,0.162541,0.00333997, 0.0292807, -2.15933e-05, 0.912535, -0.499033, 0.531159,-0.00283609, 0.0279912, -0.00877295,-0.0192997, -0.00538611, 0.0614095, -0.806658, 0.196476, -0.0639926
3760,-1.22297, 1.06103, 4.02553,2.79608, -0.208177, -0.0216756,0.100495,-0.0284775,-0.979532,0.172065,0.00295353, 0.0291767, -4.08206e-05, 0.890351, -0.495151, 0.529902,-0.00227138, 0.0276912, -0.00938325,-0.0194086, -0.00514758, 0.062305, -1.65451, 0.191429, -0.0616439
3780,-1.22301, 1.06158, 4.02533,2.77819, -0.19875, -0.028645,0.0949928,-0.0319426,-0.978328,0.181189,0.00256516, 0.0290778, -3.3206e-05, 0.831674, -0.491434, 0.528712,-0.00170071, 0.0273785, -0.00998127,-0.0194996, -0.00488538, 0.0642167, -4.29863, 0.179002, -0.0571002
3800,-1.22304, 1.06212, 4.02513,2.76146, -0.189482, -0.0359804,0.0894975,-0.0354551,-0.977109,0.189716,0.00217506, 0.028984, 1.46289e-05, 0.792203, -0.487981, 0.527616,-0.00112406, 0.0270533, -0.010567,-0.0195644, -0.00459603, 0.0657633, -0.730246, 0.169442, -0.0534716
3820,-1.22305, 1.06266, 4.02491,2.74507, -0.180391, -0.0435078,0.0840207,-0.0389763,-0.975809,0.198037,0.00178316, 0.0288952, -0.000100379, 0.784565, -0.48462, 0.526562,-0.000508906, 0.0267837, -0.010977,-0.0196169, -0.00429969, -0.113272, 0.159052, 0.167294, -0.0520868
3840,-1.22306, 1.06319, 4.02469,2.72847, -0.171497, -3.09047,0.0785728,-0.0424829,-0.974379,0.206415,0.00138953, 0.0288111, -3.45795e-05, 0.813406, -0.481237, 0.525518,7.84278e-05, 0.0264363, -0.011538,-0.0197584, -0.00414825, 0.0657258, 2.81653, 0.172524, -0.0529002
3860,-1.22305, 1.06372, 4.02445,2.7106, -0.162865, -3.08294,0.0731779,-0.045934,-0.972705,0.21536,0.000994341, 0.028732, 3.12651e-06, 0.905878, -0.477617, 0.524417,0.000671319, 0.0260767, -0.0120859,-0.0198207, -0.00388105, 0.0634443, 6.32502, 0.191066, -0.0575995
3880,-1.22303, 1.06424, 4.0242,2.69006, -0.154604, -3.07571,0.0678737,-0.0492812,-0.970616,0.225541,0.000597291, 0.0286573, -2.71992e-05, 1.07082, -0.473467, 0.523178,0.00126943, 0.0257046, -0.0126197,-0.0199189, -0.0036805, 0.0590506, 9.96811, 0.2248, -0.0666415
3900,-1.223, 1.06475, 4.02394,2.66541, -0.146857, -3.06896,0.0627056,-0.0524805,-0.967904,0.237645,0.00019851, 0.0285872, 1.32295e-05, 1.30631, -0.468485, 0.521714,0.00184521, 0.0252397, -0.0132973,-0.0199855, -0.00340485, 0.0527008, 13.3438, 0.27323, -0.0797306
3920,-1.22295, 1.06525, 4.02367,2.63664, -0.139685, -3.06265,0.0576868,-0.0555372,-0.964496,0.251664,1.29217e-05, 0.0285208, -6.1164e-05, 1.43468, -0.462637, 0.520019,0.00221419, 0.0247847, -0.0139375,-0.0201117, -0.00338377, 0.0488253, 1.72685, 0.301832, -0.0870131
3940,-1.22291, 1.06574, 4.02339,2.60706, -0.132876, -3.05628,0.0527372,-0.0585541,-0.960746,0.266002,4.06507e-05, 0.0284555, 1.92961e-05, 1.41873, -0.45661, 0.518291,0.00235129, 0.024252, -0.014698,0.0515504, -0.00321124, 0.0493381, -2.17378, 0.298298, -0.0851046
3960,-1.22286, 1.06622, 4.02309,2.57826, -0.126307, -3.04966,0.0478133,-0.0615762,-0.956859,0.279897,-4.98641e-06, 0.0283912, -5.67252e-05, 1.36937, -0.450758, 0.516629,0.00258821, 0.0237794, -0.015294,-0.020284, -0.00329334, 0.0507453, -2.84488, 0.287151, -0.0811652
3980,-1.22281, 1.06669, 4.02277,2.55042, -0.119952, -3.04276,0.0429073,-0.064608,-0.952884,0.293252,1.95076e-05, 0.0283279, -0.000102846, 1.32448, -0.44513, 0.515047,0.00275822, 0.0233018, -0.0158714,-0.020303, -0.00309019, -0.127367, -1.84486, 0.276696, -0.0775007
4000,-1.22275, 1.06715, 4.02245,2.52322, -0.113836, -3.03565,0.0380286,-0.0676409,-0.948788,0.306234,4.22109e-05, 0.0282649, 5.10021e-05, 1.30969, -0.439659, 0.513522,0.00291194, 0.0227055, -0.0165798,0.0513152, -0.00306672, 0.0527868, 0.524102, 0.272308, -0.0754997
