time,acc.x,acc.y,acc.z,gyro.x,gyro.y,gyro.z,mag.x,mag.y,mag.z
5,0, 0, -9.81,0, 0, 0,1, 0, 0
10,0, 0, -9.81,0, 0, 0,1, 0, 0
15,0, 0, -9.81,0, 0, 0,1, 0, 0
20,0, 0, -9.81,0, 0, 0,1, 0, 0
25,0, 0, -9.81,0, 0, 0,1, 0, 0
30,0, 0, -9.81,0, 0, 0,1, 0, 0
35,0, 0, -9.81,0, 0, 0,1, 0, 0
40,0, 0, -9.81,0, 0, 0,1, 0, 0
45,0, 0, -9.81,0, 0, 0,1, 0, 0
50,0, 0, -9.81,0, 0, 0,1, 0, 0
55,0, 0, -9.81,0, 0, 0,1, 0, 0
60,0, 0, -9.81,0, 0, 0,1, 0, 0
65,0, 0, -9.81,0, 0, 0,1, 0, 0
70,0, 0, -9.81,0, 0, 0,1, 0, 0
75,0, 0, -9.81,0, 0, 0,1, 0, 0
80,0, 0, -9.81,0, 0, 0,1, 0, 0
85,0, 0, -9.81,0, 0, 0,1, 0, 0
90,0, 0, -9.81,0, 0, 0,1, 0, 0
95,0, 0, -9.81,0, 0, 0,1, 0, 0
100,0, 0, -9.81,0, 0, 0,1, 0, 0
105,0, 0, -9.81,0, 0, 0,1, 0, 0
110,0, 0, -9.81,0, 0, 0,1, 0, 0
115,0, 0, -9.81,0, 0, 0,1, 0, 0
120,0, 0, -9.81,0, 0, 0,1, 0, 0
125,0, 0, -9.81,0, 0, 0,1, 0, 0
130,0, 0, -9.81,0, 0, 0,1, 0, 0
135,0, 0, -9.81,0, 0, 0,1, 0, 0
140,0, 0, -9.81,0, 0, 0,1, 0, 0
145,0, 0, -9.81,0, 0, 0,1, 0, 0
150,0, 0, -9.81,0, 0, 0,1, 0, 0
155,0, 0, -9.81,0, 0, 0,1, 0, 0
160,0, 0, -9.81,0, 0, 0,1, 0, 0
165,0, 0, -9.81,0, 0, 0,1, 0, 0
170,0, 0, -9.81,0, 0, 0,1, 0, 0
175,0, 0, -9.81,0, 0, -0.000118867,1, -1.18867e-07, 0
180,0, 0, -9.81,0, 0, -0.00353492,1, -9.09771e-06, 0
185,0, 0, -9.81,0, 0, -0.0115168,1, -4.89285e-05, 0
190,0, 0, -9.81,0, 0, -0.02388,1, -0.000141886, 0
195,0, 0, -9.81,0, 0, -0.0404435,1, -0.000309332, 0
200,0, 0, -9.81,0, 0, -0.0610293,1, -0.000571732, 0
205,0, 0, -9.81,0, 0, -0.0854633,1, -0.000948675, 0
210,0, 0, -9.81,0, 0, -0.113575,0.999999, -0.00145889, 0
215,0, 0, -9.81,0, 0, -0.145197,0.999998, -0.00212026, 0
220,0, 0, -9.81,0, 0, -0.180168,0.999996, -0.00294984, 0
225,0, 0, -9.81,0, 0, -0.218328,0.999992, -0.00396391, 0
230,0, 0, -9.81,0, 0, -0.259523,0.999987, -0.00517794, 0
235,0, 0, -9.81,0, 0, -0.303601,0.999978, -0.00660664, 0
240,0, 0, -9.81,0, 0, -0.350418,0.999966, -0.00826398, 0
245,0, 0, -9.81,0, 0, -0.39983,0.999948, -0.0101632, 0
250,0, 0, -9.81,0, 0, -0.451699,0.999924, -0.0123169, 0
255,0, 0, -9.81,0, 0, -0.50589,0.999891, -0.0147368, 0
260,0, 0, -9.81,0, 0, -0.562243,0.999848, -0.0174342, 0
265,0, 0, -9.81,0, 0, -0.620201,0.999792, -0.0204182, 0
270,0, 0, -9.81,0, 0, -0.6795,0.999719, -0.0236958, 0
275,0, 0, -9.81,0, 0, -0.740003,0.999628, -0.0272732, 0
280,0, 0, -9.81,0, 0, -0.80158,0.999515, -0.0311558, 0
285,0, 0, -9.81,0, 0, -0.864104,0.999375, -0.0353486, 0
290,0, 0, -9.81,0, 0, -0.927455,0.999205, -0.0398557, 0
295,0, 0, -9.81,0, 0, -0.991518,0.999001, -0.0446806, 0
300,0, 0, -9.81,0, 0, -1.05618,0.998758, -0.0498262, 0
305,0, 0, -9.81,0, 0, -1.12134,0.99847, -0.0552948, 0
310,0, 0, -9.81,0, 0, -1.18689,0.998132, -0.0610882, 0
315,0, 0, -9.81,0, 0, -1.25273,0.997739, -0.0672074, 0
320,0, 0, -9.81,0, 0, -1.31878,0.997284, -0.0736531, 0
325,0, 0, -9.81,0, 0, -1.38495,0.996761, -0.0804253, 0
330,0, 0, -9.81,0, 0, -1.45115,0.996162, -0.0875234, 0
335,0, 0, -9.81,0, 0, -1.5173,0.995482, -0.0949465, 0
340,0, 0, -9.81,0, 0, -1.58333,0.994713, -0.102693, 0
345,0, 0, -9.81,0, 0, -1.64916,0.993847, -0.110761, 0
350,0, 0, -9.81,0, 0, -1.71473,0.992877, -0.119148, 0
355,0, 0, -9.81,0, 0, -1.77998,0.991794, -0.12785, 0
360,0, 0, -9.81,0, 0, -1.84484,0.99059, -0.136865, 0
365,0, 0, -9.81,0, 0, -1.90926,0.989257, -0.146187, 0
370,0, 0, -9.81,0, 0, -1.97318,0.987786, -0.155814, 0
375,0, 0, -9.81,0, 0, -2.03656,0.98617, -0.165739, 0
380,0, 0, -9.81,0, 0, -2.09934,0.984398, -0.175958, 0
385,0, 0, -9.81,0, 0, -2.16148,0.982462, -0.186465, 0
390,0, 0, -9.81,0, 0, -2.22295,0.980353, -0.197252, 0
395,0, 0, -9.81,0, 0, -2.2837,0.978062, -0.208315, 0
400,0, 0, -9.81,0, 0, -2.3437,0.97558, -0.219645, 0
405,0, 0, -9.81,0, 0, -2.40292,0.972898, -0.231235, 0
410,0, 0, -9.81,0, 0, -2.46132,0.970007, -0.243077, 0
415,0, 0, -9.81,0, 0, -2.51889,0.966898, -0.255164, 0
420,0, 0, -9.81,0, 0, -2.57558,0.963562, -0.267485, 0
425,0, 0, -9.81,0, 0, -2.63139,0.959991, -0.280032, 0
430,0, 0, -9.81,0, 0, -2.68628,0.956175, -0.292796, 0
435,0, 0, -9.81,0, 0, -2.74024,0.952107, -0.305766, 0
440,0, 0, -9.81,0, 0, -2.79326,0.947777, -0.318933, 0
445,0, 0, -9.81,0, 0, -2.84532,0.943179, -0.332286, 0
450,0, 0, -9.81,0, 0, -2.89641,0.938303, -0.345815, 0
455,0, 0, -9.81,0, 0, -2.9465,0.933142, -0.359507, 0
460,0, 0, -9.81,0, 0, -2.96518,0.927716, -0.373286, 0
465,0, 0, -9.81,0, 0, -2.94216,0.922104, -0.386943, 0
470,0, 0, -9.81,0, 0, -2.91358,0.916346, -0.400387, 0
475,0, 0, -9.81,0, 0, -2.8854,0.910451, -0.413616, 0
480,0, 0, -9.81,0, 0, -2.85759,0.904425, -0.426632, 0
485,0, 0, -9.81,0, 0, -2.83016,0.898274, -0.439437, 0
490,0, 0, -9.81,0, 0, -2.8031,0.892002, -0.452031, 0
495,0, 0, -9.81,0, 0, -2.7764,0.885617, -0.464417, 0
500,0, 0, -9.81,0, 0, -2.75006,0.879122, -0.476596, 0
505,0, 0, -9.81,0, 0, -2.72407,0.872524, -0.488571, 0
510,0, 0, -9.81,0, 0, -2.69842,0.865828, -0.500343, 0
515,0, 0, -9.81,0, 0, -2.67312,0.859037, -0.511913, 0
520,0, 0, -9.81,0, 0, -2.64815,0.852158, -0.523285, 0
525,0, 0, -9.81,0, 0, -2.62351,0.845194, -0.534459, 0
530,0, 0, -9.81,0, 0, -2.59919,0.838151, -0.545438, 0
535,0, 0, -9.81,0, 0, -2.57519,0.831032, -0.556225, 0
540,0, 0, -9.81,0, 0, -2.5515,0.823842, -0.56682, 0
545,0, 0, -9.81,0, 0, -2.52813,0.816584, -0.577226, 0
550,0, 0, -9.81,0, 0, -2.50506,0.809263, -0.587446, 0
555,0, 0, -9.81,0, 0, -2.48229,0.801883, -0.597481, 0
560,0, 0, -9.81,0, 0, -2.45981,0.794447, -0.607334, 0
565,0, 0, -9.81,0, 0, -2.43762,0.786959, -0.617006, 0
570,0, 0, -9.81,0, 0, -2.41572,0.779421, -0.6265, 0
575,0, 0, -9.81,0, 0, -2.3941,0.771839, -0.635818, 0
580,0, 0, -9.81,0, 0, -2.37276,0.764214, -0.644963, 0
585,0, 0, -9.81,0, 0, -2.35169,0.75655, -0.653936, 0
590,0, 0, -9.81,0, 0, -2.33089,0.74885, -0.662739, 0
595,0, 0, -9.81,0, 0, -2.31036,0.741117, -0.671376, 0
600,0, 0, -9.81,0, 0, -2.29008,0.733353, -0.679848, 0
605,0, 0, -9.81,0, 0, -2.27007,0.725562, -0.688156, 0
610,0, 0, -9.81,0, 0, -2.2503,0.717746, -0.696305, 0
615,0, 0, -9.81,0, 0, -2.23079,0.709908, -0.704294, 0
620,0, 0, -9.81,0, 0, -2.21152,0.70205, -0.712128, 0
625,0, 0, -9.81,0, 0, -2.19249,0.694174, -0.719808, 0
630,0, 0, -9.81,0, 0, -2.1737,0.686282, -0.727335, 0
635,0, 0, -9.81,0, 0, -2.15515,0.678378, -0.734713, 0
640,0, 0, -9.81,0, 0, -2.13683,0.670462, -0.741944, 0
645,0, 0, -9.81,0, 0, -2.11873,0.662538, -0.749028, 0
650,0, 0, -9.81,0, 0, -2.10086,0.654606, -0.75597, 0
655,0, 0, -9.81,0, 0, -2.08322,0.64667, -0.76277, 0
660,0, 0, -9.81,0, 0, -2.06579,0.63873, -0.769431, 0
665,0, 0, -9.81,0, 0, -2.04858,0.630789, -0.775954, 0
670,0, 0, -9.81,0, 0, -2.03158,0.622848, -0.782343, 0
675,0, 0, -9.81,0, 0, -2.01478,0.614909, -0.788598, 0
680,0, 0, -9.81,0, 0, -1.9982,0.606973, -0.794722, 0
685,0, 0, -9.81,0, 0, -1.98182,0.599042, -0.800717, 0
690,0, 0, -9.81,0, 0, -1.96564,0.591118, -0.806585, 0
695,0, 0, -9.81,0, 0, -1.94965,0.583201, -0.812328, 0
700,0, 0, -9.81,0, 0, -1.93386,0.575294, -0.817947, 0
705,0, 0, -9.81,0, 0, -1.91827,0.567397, -0.823445, 0
710,0, 0, -9.81,0, 0, -1.90286,0.559511, -0.828823, 0
715,0, 0, -9.81,0, 0, -1.88764,0.551638, -0.834083, 0
720,0, 0, -9.81,0, 0, -1.87123,0.543782, -0.839227, 0
725,0, 0, -9.81,0, 0, -1.85165,0.535955, -0.844247, 0
730,0, 0, -9.81,0, 0, -1.82907,0.528172, -0.849137, 0
735,0, 0, -9.81,0, 0, -1.80365,0.520449, -0.853893, 0
740,0, 0, -9.81,0, 0, -1.77558,0.512799, -0.858509, 0
745,0, 0, -9.81,0, 0, -1.745,0.505235, -0.862982, 0
750,0, 0, -9.81,0, 0, -1.71207,0.497771, -0.867308, 0
755,0, 0, -9.81,0, 0, -1.67695,0.49042, -0.871486, 0
760,0, 0, -9.81,0, 0, -1.63976,0.483192, -0.875514, 0
765,0, 0, -9.81,0, 0, -1.60066,0.476101, -0.879391, 0
770,0, 0, -9.81,0, 0, -1.55977,0.469155, -0.883116, 0
775,0, 0, -9.81,0, 0, -1.51722,0.462366, -0.886689, 0
780,0, 0, -9.81,0, 0, -1.47313,0.455744, -0.890111, 0
785,0, 0, -9.81,0, 0, -1.42762,0.449297, -0.893383, 0
790,0, 0, -9.81,0, 0, -1.38079,0.443034, -0.896505, 0
795,0, 0, -9.81,0, 0, -1.33277,0.436963, -0.89948, 0
800,0, 0, -9.81,0, 0, -1.28363,0.431092, -0.902308, 0
805,0, 0, -9.81,0, 0, -1.2335,0.425428, -0.904992, 0
810,0, 0, -9.81,0, 0, -1.18245,0.419977, -0.907535, 0
815,0, 0, -9.81,0, 0, -1.13057,0.414745, -0.909938, 0
820,0, 0, -9.81,0, 0, -1.07796,0.409739, -0.912203, 0
825,0, 0, -9.81,0, 0, -1.02469,0.404962, -0.914334, 0
830,0, 0, -9.81,0, 0, -0.999797,0.400357, -0.916359, 0
835,0, 0, -9.81,0, 0, -0.994938,0.395785, -0.918343, 0
840,0, 0, -9.81,0, 0, -0.990132,0.391225, -0.920295, 0
845,0, 0, -9.81,0, 0, -0.985377,0.386677, -0.922215, 0
850,0, 0, -9.81,0, 0, -0.980674,0.382142, -0.924104, 0
855,0, 0, -9.81,0, 0, -0.976022,0.377619, -0.925961, 0
860,0, 0, -9.81,0, 0, -0.97142,0.373109, -0.927788, 0
865,0, 0, -9.81,0, 0, -0.966867,0.368611, -0.929584, 0
870,0, 0, -9.81,0, 0, -0.962364,0.364125, -0.93135, 0
875,0, 0, -9.81,0, 0, -0.95791,0.359652, -0.933087, 0
880,0, 0, -9.81,0, 0, -0.953503,0.355191, -0.934794, 0
885,0, 0, -9.81,0, 0, -0.949144,0.350743, -0.936472, 0
890,0, 0, -9.81,0, 0, -0.944832,0.346307, -0.938121, 0
895,0, 0, -9.81,0, 0, -0.940566,0.341883, -0.939743, 0
900,0, 0, -9.81,0, 0, -0.936346,0.337472, -0.941336, 0
905,0, 0, -9.81,0, 0, -0.932171,0.333073, -0.942901, 0
910,0, 0, -9.81,0, 0, -0.928041,0.328686, -0.944439, 0
915,0, 0, -9.81,0, 0, -0.923956,0.324312, -0.94595, 0
920,0, 0, -9.81,0, 0, -0.919914,0.31995, -0.947434, 0
925,0, 0, -9.81,0, 0, -0.915916,0.3156, -0.948892, 0
930,0, 0, -9.81,0, 0, -0.911961,0.311263, -0.950324, 0
935,0, 0, -9.81,0, 0, -0.908048,0.306937, -0.95173, 0
940,0, 0, -9.81,0, 0, -0.904177,0.302624, -0.95311, 0
945,0, 0, -9.81,0, 0, -0.900347,0.298323, -0.954465, 0
950,0, 0, -9.81,0, 0, -0.896558,0.294034, -0.955795, 0
955,0, 0, -9.81,0, 0, -0.89281,0.289757, -0.9571, 0
960,0, 0, -9.81,0, 0, -0.889102,0.285493, -0.958381, 0
965,0, 0, -9.81,0, 0, -0.885433,0.28124, -0.959637, 0
970,0, 0, -9.81,0, 0, -0.881804,0.276999, -0.96087, 0
975,0, 0, -9.81,0, 0, -0.878213,0.27277, -0.962079, 0
980,0, 0, -9.81,0, 0, -0.87466,0.268554, -0.963265, 0
985,0, 0, -9.81,0, 0, -0.871146,0.264349, -0.964427, 0
990,0, 0, -9.81,0, 0, -0.867286,0.260156, -0.965567, 0
995,0, 0, -9.81,0, 0, -0.860566,0.255985, -0.966681, 0
1000,0, 0, -9.81,0, 0, -0.850704,0.25185, -0.967766, 0
1005,0, 0, -9.81,0, 0, -0.837867,0.247768, -0.968819, 0
1010,0, 0, -9.81,0, 0, -0.822219,0.243751, -0.969838, 0
1015,0, 0, -9.81,0, 0, -0.803918,0.239814, -0.970819, 0
1020,0, 0, -9.81,0, 0, -0.783115,0.23597, -0.97176, 0
1025,0, 0, -9.81,0, 0, -0.759959,0.23223, -0.972661, 0
1030,0, 0, -9.81,0, 0, -0.734589,0.228605, -0.973519, 0
1035,0, 0, -9.81,0, 0, -0.707144,0.225108, -0.974334, 0
1040,0, 0, -9.81,0, 0, -0.677754,0.221747, -0.975104, 0
1045,0, 0, -9.81,0, 0, -0.646545,0.218532, -0.97583, 0
1050,0, 0, -9.81,0, 0, -0.613639,0.215472, -0.97651, 0
1055,0, 0, -9.81,0, 0, -0.579152,0.212575, -0.977145, 0
1060,0, 0, -9.81,0, 0, -0.543196,0.209849, -0.977734, 0
1065,0, 0, -9.81,0, 0, -0.505774,0.207302, -0.978277, 0
1070,0, 0, -9.81,0, 0, -0.493849,0.204877, -0.978788, 0
1075,0, 0, -9.81,0, 0, -0.493849,0.20246, -0.979291, 0
1080,0, 0, -9.81,0, 0, -0.493849,0.200041, -0.979787, 0
1085,0, 0, -9.81,0, 0, -0.493849,0.197621, -0.980278, 0
1090,0, 0, -9.81,0, 0, -0.493849,0.1952, -0.980763, 0
1095,0, 0, -9.81,0, 0, -0.493849,0.192778, -0.981242, 0
1100,0, 0, -9.81,0, 0, -0.493849,0.190354, -0.981715, 0
1105,0, 0, -9.81,0, 0, -0.493849,0.18793, -0.982182, 0
1110,0, 0, -9.81,0, 0, -0.493849,0.185504, -0.982644, 0
1115,0, 0, -9.81,0, 0, -0.493849,0.183077, -0.983099, 0
1120,0, 0, -9.81,0, 0, -0.493849,0.180649, -0.983548, 0
1125,0, 0, -9.81,0, 0, -0.493849,0.17822, -0.983991, 0
1130,0, 0, -9.81,0, 0, -0.493849,0.175789, -0.984428, 0
1135,0, 0, -9.81,0, 0, -0.493849,0.173358, -0.984859, 0
1140,0, 0, -9.81,0, 0, -0.493849,0.170926, -0.985284, 0
1145,0, 0, -9.81,0, 0, -0.493849,0.168492, -0.985703, 0
1150,0, 0, -9.81,0, 0, -0.493849,0.166058, -0.986116, 0
1155,0, 0, -9.81,0, 0, -0.493849,0.163622, -0.986523, 0
1160,0, 0, -9.81,0, 0, -0.493849,0.161186, -0.986924, 0
1165,0, 0, -9.81,0, 0, -0.493849,0.158748, -0.987319, 0
1170,0, 0, -9.81,0, 0, -0.493849,0.15631, -0.987708, 0
1175,0, 0, -9.81,0, 0, -0.493849,0.153871, -0.988091, 0
1180,0, 0, -9.81,0, 0, -0.493849,0.15143, -0.988468, 0
1185,0, 0, -9.81,0, 0, -0.493849,0.148989, -0.988839, 0
1190,0, 0, -9.81,0, 0, -0.493849,0.146547, -0.989204, 0
1195,0, 0, -9.81,0, 0, -0.493849,0.144104, -0.989563, 0
1200,0, 0, -9.81,0, 0, -0.493849,0.14166, -0.989915, 0
1205,0, 0, -9.81,0, 0, -0.493849,0.139215, -0.990262, 0
1210,0, 0, -9.81,0, 0, -0.493849,0.13677, -0.990603, 0
1215,0, 0, -9.81,0, 0, -0.493849,0.134323, -0.990938, 0
1220,0, 0, -9.81,0, 0, -0.493849,0.131876, -0.991266, 0
1225,0, 0, -9.81,0, 0, -0.493849,0.129428, -0.991589, 0
1230,0, 0, -9.81,0, 0, -0.493849,0.126979, -0.991905, 0
1235,0, 0, -9.81,0, 0, -0.492422,0.124532, -0.992216, 0
1240,0, 0, -9.81,0, 0, -0.4877,0.122102, -0.992518, 0
1245,0, 0, -9.81,0, 0, -0.47982,0.119703, -0.99281, 0
1250,0, 0, -9.81,0, 0, -0.468917,0.117352, -0.99309, 0
1255,0, 0, -9.81,0, 0, -0.455121,0.115064, -0.993358, 0
1260,0, 0, -9.81,0, 0, -0.438561,0.112851, -0.993612, 0
1265,0, 0, -9.81,0, 0, -0.41936,0.110728, -0.993851, 0
1270,0, 0, -9.81,0, 0, -0.397639,0.108708, -0.994074, 0
1275,0, 0, -9.81,0, 0, -0.373513,0.106802, -0.99428, 0
1280,0, 0, -9.81,0, 0, -0.347098,0.105023, -0.99447, 0
1285,0, 0, -9.81,0, 0, -0.318502,0.103382, -0.994642, 0
1290,0, 0, -9.81,0, 0, -0.287832,0.101888, -0.994796, 0
1295,0, 0, -9.81,0, 0, -0.255192,0.100553, -0.994932, 0
1300,0, 0, -9.81,0, 0, -0.246223,0.0993229, -0.995055, 0
1305,0, 0, -9.81,0, 0, -0.246223,0.0980978, -0.995177, 0
1310,0, 0, -9.81,0, 0, -0.246223,0.0968726, -0.995297, 0
1315,0, 0, -9.81,0, 0, -0.246223,0.0956472, -0.995415, 0
1320,0, 0, -9.81,0, 0, -0.246223,0.0944216, -0.995532, 0
1325,0, 0, -9.81,0, 0, -0.246223,0.0931959, -0.995648, 0
1330,0, 0, -9.81,0, 0, -0.246223,0.0919701, -0.995762, 0
1335,0, 0, -9.81,0, 0, -0.246223,0.0907441, -0.995874, 0
1340,0, 0, -9.81,0, 0, -0.246223,0.089518, -0.995985, 0
1345,0, 0, -9.81,0, 0, -0.246223,0.0882918, -0.996095, 0
1350,0, 0, -9.81,0, 0, -0.246223,0.0870654, -0.996203, 0
1355,0, 0, -9.81,0, 0, -0.246223,0.0858389, -0.996309, 0
1360,0, 0, -9.81,0, 0, -0.246223,0.0846123, -0.996414, 0
1365,0, 0, -9.81,0, 0, -0.246223,0.0833855, -0.996517, 0
1370,0, 0, -9.81,0, 0, -0.246223,0.0821586, -0.996619, 0
1375,0, 0, -9.81,0, 0, -0.246223,0.0809316, -0.99672, 0
1380,0, 0, -9.81,0, 0, -0.246223,0.0797045, -0.996819, 0
1385,0, 0, -9.81,0, 0, -0.246223,0.0784772, -0.996916, 0
1390,0, 0, -9.81,0, 0, -0.246223,0.0772498, -0.997012, 0
1395,0, 0, -9.81,0, 0, -0.246223,0.0760223, -0.997106, 0
1400,0, 0, -9.81,0, 0, -0.24498,0.0747972, -0.997199, 0
1405,0, 0, -9.81,0, 0, -0.240502,0.0735878, -0.997289, 0
1410,0, 0, -9.81,0, 0, -0.232902,0.07241, -0.997375, 0
1415,0, 0, -9.81,0, 0, -0.222314,0.071279, -0.997456, 0
1420,0, 0, -9.81,0, 0, -0.208869,0.0702093, -0.997532, 0
1425,0, 0, -9.81,0, 0, -0.192693,0.0692149, -0.997602, 0
1430,0, 0, -9.81,0, 0, -0.173911,0.0683089, -0.997664, 0
1435,0, 0, -9.81,0, 0, -0.152643,0.067504, -0.997719, 0
1440,0, 0, -9.81,0, 0, -0.149156,0.0667591, -0.997769, 0
1445,0, 0, -9.81,0, 0, -0.149156,0.0660149, -0.997819, 0
1450,0, 0, -9.81,0, 0, -0.149156,0.0652708, -0.997868, 0
1455,0, 0, -9.81,0, 0, -0.149156,0.0645266, -0.997916, 0
1460,0, 0, -9.81,0, 0, -0.149156,0.0637823, -0.997964, 0
1465,0, 0, -9.81,0, 0, -0.149156,0.0630381, -0.998011, 0
1470,0, 0, -9.81,0, 0, -0.149156,0.0622937, -0.998058, 0
1475,0, 0, -9.81,0, 0, -0.149156,0.0615494, -0.998104, 0
1480,0, 0, -9.81,0, 0, -0.149156,0.060805, -0.99815, 0
1485,0, 0, -9.81,0, 0, -0.149156,0.0600606, -0.998195, 0
1490,0, 0, -9.81,0, 0, -0.149156,0.0593161, -0.998239, 0
1495,0, 0, -9.81,0, 0, -0.149156,0.0585717, -0.998283, 0
1500,0, 0, -9.81,0, 0, -0.149156,0.0578271, -0.998327, 0
1505,0, 0, -9.81,0, 0, -0.149156,0.0570826, -0.998369, 0
1510,0, 0, -9.81,0, 0, -0.149156,0.056338, -0.998412, 0
1515,0, 0, -9.81,0, 0, -0.149156,0.0555934, -0.998453, 0
1520,0, 0, -9.81,0, 0, -0.149156,0.0548488, -0.998495, 0
1525,0, 0, -9.81,0, 0, -0.149156,0.0541041, -0.998535, 0
1530,0, 0, -9.81,0, 0, -0.149156,0.0533594, -0.998575, 0
1535,0, 0, -9.81,0, 0, -0.149156,0.0526147, -0.998615, 0
1540,0, 0, -9.81,0, 0, -0.149156,0.0518699, -0.998654, 0
1545,0, 0, -9.81,0, 0, -0.149156,0.0511251, -0.998692, 0
1550,0, 0, -9.81,0, 0, -0.149156,0.0503803, -0.99873, 0
1555,0, 0, -9.81,0, 0, -0.149156,0.0496355, -0.998767, 0
1560,0, 0, -9.81,0, 0, -0.149156,0.0488906, -0.998804, 0
1565,0, 0, -9.81,0, 0, -0.149156,0.0481457, -0.99884, 0
1570,0, 0, -9.81,0, 0, -0.149156,0.0474008, -0.998876, 0
1575,0, 0, -9.81,0, 0, -0.149156,0.0466558, -0.998911, 0
1580,0, 0, -9.81,0, 0, -0.149156,0.0459108, -0.998946, 0
1585,0, 0, -9.81,0, 0, -0.149156,0.0451658, -0.99898, 0
1590,0, 0, -9.81,0, 0, -0.149156,0.0444208, -0.999013, 0
1595,0, 0, -9.81,0, 0, -0.149156,0.0436757, -0.999046, 0
1600,0, 0, -9.81,0, 0, -0.149156,0.0429307, -0.999078, 0
1605,0, 0, -9.81,0, 0, -0.149156,0.0421856, -0.99911, 0
1610,0, 0, -9.81,0, 0, -0.149156,0.0414404, -0.999141, 0
1615,0, 0, -9.81,0, 0, -0.149156,0.0406953, -0.999172, 0
1620,0, 0, -9.81,0, 0, -0.149156,0.0399501, -0.999202, 0
1625,0, 0, -9.81,0, 0, -0.149156,0.0392049, -0.999231, 0
1630,0, 0, -9.81,0, 0, -0.149156,0.0384597, -0.99926, 0
1635,0, 0, -9.81,0, 0, -0.149156,0.0377145, -0.999289, 0
1640,0, 0, -9.81,0, 0, -0.149156,0.0369692, -0.999316, 0
1645,0, 0, -9.81,0, 0, -0.149156,0.0362239, -0.999344, 0
1650,0, 0, -9.81,0, 0, -0.149156,0.0354786, -0.99937, 0
1655,0, 0, -9.81,0, 0, -0.149156,0.0347333, -0.999397, 0
1660,0, 0, -9.81,0, 0, -0.149156,0.033988, -0.999422, 0
1665,0, 0, -9.81,0, 0, -0.149156,0.0332426, -0.999447, 0
1670,0, 0, -9.81,0, 0, -0.149156,0.0324972, -0.999472, 0
1675,0, 0, -9.81,0, 0, -0.149156,0.0317518, -0.999496, 0
1680,0, 0, -9.81,0, 0, -0.149156,0.0310064, -0.999519, 0
1685,0, 0, -9.81,0, 0, -0.14897,0.0302612, -0.999542, 0
1690,0, 0, -9.81,0, 0, -0.146186,0.0295237, -0.999564, 0
1695,0, 0, -9.81,0, 0, -0.140203,0.0288098, -0.999585, 0
1700,0, 0, -9.81,0, 0, -0.131156,0.028135, -0.999604, 0
1705,0, 0, -9.81,0, 0, -0.119179,0.0275142, -0.999621, 0
1710,0, 0, -9.81,0, 0, -0.104401,0.0269618, -0.999636, 0
1715,0, 0, -9.81,0, 0, -0.0869494,0.0264913, -0.999649, 0
1720,0, 0, -9.81,0, 0, -0.0669454,0.0261157, -0.999659, 0
1725,0, 0, -9.81,0, 0, -0.0445082,0.0258474, -0.999666, 0
1730,0, 0, -9.81,0, 0, -0.0405805,0.0256435, -0.999671, 0
1735,0, 0, -9.81,0, 0, -0.0405805,0.0254406, -0.999676, 0
1740,0, 0, -9.81,0, 0, -0.0405805,0.0252378, -0.999681, 0
1745,0, 0, -9.81,0, 0, -0.0405805,0.025035, -0.999687, 0
1750,0, 0, -9.81,0, 0, -0.0405805,0.0248321, -0.999692, 0
1755,0, 0, -9.81,0, 0, -0.0405805,0.0246293, -0.999697, 0
1760,0, 0, -9.81,0, 0, -0.0405805,0.0244264, -0.999702, 0
1765,0, 0, -9.81,0, 0, -0.0405805,0.0242236, -0.999707, 0
1770,0, 0, -9.81,0, 0, -0.0405805,0.0240208, -0.999711, 0
1775,0, 0, -9.81,0, 0, -0.0405805,0.0238179, -0.999716, 0
1780,0, 0, -9.81,0, 0, -0.0405805,0.0236151, -0.999721, 0
1785,0, 0, -9.81,0, 0, -0.0405805,0.0234122, -0.999726, 0
1790,0, 0, -9.81,0, 0, -0.0405805,0.0232094, -0.999731, 0
1795,0, 0, -9.81,0, 0, -0.0405805,0.0230065, -0.999735, 0
1800,0, 0, -9.81,0, 0, -0.0405805,0.0228037, -0.99974, 0
1805,0, 0, -9.81,0, 0, -0.0405805,0.0226008, -0.999745, 0
1810,0, 0, -9.81,0, 0, -0.0405805,0.022398, -0.999749, 0
1815,0, 0, -9.81,0, 0, -0.0405805,0.0221951, -0.999754, 0
1820,0, 0, -9.81,0, 0, -0.0405805,0.0219923, -0.999758, 0
1825,0, 0, -9.81,0, 0, -0.0405805,0.0217894, -0.999763, 0
1830,0, 0, -9.81,0, 0, -0.0405805,0.0215866, -0.999767, 0
1835,0, 0, -9.81,0, 0, -0.0405805,0.0213837, -0.999771, 0
1840,0, 0, -9.81,0, 0, -0.0405805,0.0211808, -0.999776, 0
1845,0, 0, -9.81,0, 0, -0.0405805,0.020978, -0.99978, 0
1850,0, 0, -9.81,0, 0, -0.0405805,0.0207751, -0.999784, 0
1855,0, 0, -9.81,0, 0, -0.0405805,0.0205723, -0.999788, 0
1860,0, 0, -9.81,0, 0, -0.0405805,0.0203694, -0.999793, 0
1865,0, 0, -9.81,0, 0, -0.0405805,0.0201666, -0.999797, 0
1870,0, 0, -9.81,0, 0, -0.0405805,0.0199637, -0.999801, 0
1875,0, 0, -9.81,0, 0, -0.0405805,0.0197608, -0.999805, 0
1880,0, 0, -9.81,0, 0, -0.0405805,0.019558, -0.999809, 0
1885,0, 0, -9.81,0, 0, -0.0405805,0.0193551, -0.999813, 0
1890,0, 0, -9.81,0, 0, -0.0405805,0.0191522, -0.999817, 0
1895,0, 0, -9.81,0, 0, -0.0405805,0.0189494, -0.99982, 0
1900,0, 0, -9.81,0, 0, -0.0405805,0.0187465, -0.999824, 0
1905,0, 0, -9.81,0, 0, -0.0405805,0.0185436, -0.999828, 0
1910,0, 0, -9.81,0, 0, -0.0405805,0.0183408, -0.999832, 0
1915,0, 0, -9.81,0, 0, -0.0405805,0.0181379, -0.999835, 0
1920,0, 0, -9.81,0, 0, -0.0405805,0.017935, -0.999839, 0
1925,0, 0, -9.81,0, 0, -0.0405805,0.0177322, -0.999843, 0
1930,0, 0, -9.81,0, 0, -0.0405805,0.0175293, -0.999846, 0
1935,0, 0, -9.81,0, 0, -0.0405805,0.0173264, -0.99985, 0
1940,0, 0, -9.81,0, 0, -0.0405805,0.0171235, -0.999853, 0
1945,0, 0, -9.81,0, 0, -0.0405805,0.0169207, -0.999857, 0
1950,0, 0, -9.81,0, 0, -0.0405805,0.0167178, -0.99986, 0
1955,0, 0, -9.81,0, 0, -0.0405805,0.0165149, -0.999864, 0
1960,0, 0, -9.81,0, 0, -0.0405805,0.016312, -0.999867, 0
1965,0, 0, -9.81,0, 0, -0.0405805,0.0161092, -0.99987, 0
1970,0, 0, -9.81,0, 0, -0.0405805,0.0159063, -0.999873, 0
1975,0, 0, -9.81,0, 0, -0.0405805,0.0157034, -0.999877, 0
1980,0, 0, -9.81,0, 0, -0.0405805,0.0155005, -0.99988, 0
1985,0, 0, -9.81,0, 0, -0.0405805,0.0152977, -0.999883, 0
1990,0, 0, -9.81,0, 0, -0.0405805,0.0150948, -0.999886, 0
1995,0, 0, -9.81,0, 0, -0.0405805,0.0148919, -0.999889, 0
2000,0, 0, -9.81,0, 0, -0.0405805,0.014689, -0.999892, 0
2005,0, 0, -9.81,0, 0, -0.0405805,0.0144861, -0.999895, 0
2010,0, 0, -9.81,0, 0, -0.0405805,0.0142833, -0.999898, 0
2015,0, 0, -9.81,0, 0, -0.0405805,0.0140804, -0.999901, 0
2020,0, 0, -9.81,0, 0, -0.0405805,0.0138775, -0.999904, 0
2025,0, 0, -9.81,0, 0, -0.0405805,0.0136746, -0.999906, 0
2030,0, 0, -9.81,0, 0, -0.0405805,0.0134717, -0.999909, 0
2035,0, 0, -9.81,0, 0, -0.0405805,0.0132688, -0.999912, 0
2040,0, 0, -9.81,0, 0, -0.0405805,0.013066, -0.999915, 0
2045,0, 0, -9.81,0, 0, -0.0405805,0.0128631, -0.999917, 0
2050,0, 0, -9.81,0, 0, -0.0405805,0.0126602, -0.99992, 0
2055,0, 0, -9.81,0, 0, -0.0405805,0.0124573, -0.999922, 0
2060,0, 0, -9.81,0, 0, -0.0405805,0.0122544, -0.999925, 0
2065,0, 0, -9.81,0, 0, -0.0405805,0.0120515, -0.999927, 0
2070,0, 0, -9.81,0, 0, -0.0405805,0.0118486, -0.99993, 0
2075,0, 0, -9.81,0, 0, -0.0405805,0.0116457, -0.999932, 0
2080,0, 0, -9.81,0, 0, -0.0405805,0.0114429, -0.999935, 0
2085,0, 0, -9.81,0, 0, -0.0405805,0.01124, -0.999937, 0
2090,0, 0, -9.81,0, 0, -0.0405805,0.0110371, -0.999939, 0
2095,0, 0, -9.81,0, 0, -0.0405805,0.0108342, -0.999941, 0
2100,0, 0, -9.81,0, 0, -0.0405805,0.0106313, -0.999943, 0
2105,0, 0, -9.81,0, 0, -0.0405805,0.0104284, -0.999946, 0
2110,0, 0, -9.81,0, 0, -0.0405805,0.0102255, -0.999948, 0
2115,0, 0, -9.81,0, 0, -0.0405805,0.0100226, -0.99995, 0
2120,0, 0, -9.81,0, 0, -0.0405805,0.00981972, -0.999952, 0
2125,0, 0, -9.81,0, 0, -0.0405805,0.00961683, -0.999954, 0
2130,0, 0, -9.81,0, 0, -0.0405805,0.00941394, -0.999956, 0
2135,0, 0, -9.81,0, 0, -0.0405805,0.00921104, -0.999958, 0
2140,0, 0, -9.81,0, 0, -0.0405805,0.00900815, -0.999959, 0
2145,0, 0, -9.81,0, 0, -0.0405805,0.00880525, -0.999961, 0
2150,0, 0, -9.81,0, 0, -0.0405805,0.00860236, -0.999963, 0
2155,0, 0, -9.81,0, 0, -0.0405805,0.00839946, -0.999965, 0
2160,0, 0, -9.81,0, 0, -0.0405805,0.00819657, -0.999966, 0
2165,0, 0, -9.81,0, 0, -0.0405805,0.00799367, -0.999968, 0
2170,0, 0, -9.81,0, 0, -0.0405805,0.00779078, -0.99997, 0
2175,0, 0, -9.81,0, 0, -0.0405805,0.00758788, -0.999971, 0
2180,0, 0, -9.81,0, 0, -0.0405805,0.00738498, -0.999973, 0
2185,0, 0, -9.81,0, 0, -0.0405805,0.00718208, -0.999974, 0
2190,0, 0, -9.81,0, 0, -0.0405805,0.00697919, -0.999976, 0
2195,0, 0, -9.81,0, 0, -0.0405805,0.00677629, -0.999977, 0
2200,0, 0, -9.81,0, 0, -0.0405805,0.00657339, -0.999978, 0
2205,0, 0, -9.81,0, 0, -0.0405805,0.00637049, -0.99998, 0
2210,0, 0, -9.81,0, 0, -0.0405805,0.00616759, -0.999981, 0
2215,0, 0, -9.81,0, 0, -0.0405805,0.00596469, -0.999982, 0
2220,0, 0, -9.81,0, 0, -0.0405805,0.0057618, -0.999983, 0
2225,0, 0, -9.81,0, 0, -0.040555,0.00555892, -0.999985, 0
2230,0, 0, -9.81,0, 0, -0.0384388,0.00536119, -0.999986, 0
2235,0, 0, -9.81,0, 0, -0.0331119,0.00518372, -0.999987, 0
2240,0, 0, -9.81,0, 0, -0.0247114,0.00504216, -0.999987, 0
2245,0, 0, -9.81,0, 0, -0.0133711,0.00495147, -0.999988, 0
2250,0, 0, -9.81,0, 0, 0.000778747,0.00492597, -0.999988, 0
2255,0, 0, -9.81,0, 0, 0.00204704,0.00493621, -0.999988, 0
2260,0, 0, -9.81,0, 0, 0.00204704,0.00494644, -0.999988, 0
2265,0, 0, -9.81,0, 0, 0.00204704,0.00495668, -0.999988, 0
2270,0, 0, -9.81,0, 0, 0.00204704,0.00496691, -0.999988, 0
2275,0, 0, -9.81,0, 0, 0.00204704,0.00497715, -0.999988, 0
2280,0, 0, -9.81,0, 0, 0.00204704,0.00498738, -0.999988, 0
2285,0, 0, -9.81,0, 0, 0.00204704,0.00499762, -0.999988, 0
2290,0, 0, -9.81,0, 0, 0.00204704,0.00500785, -0.999987, 0
2295,0, 0, -9.81,0, 0, 0.00204704,0.00501809, -0.999987, 0
2300,0, 0, -9.81,0, 0, 0.00204704,0.00502832, -0.999987, 0
2305,0, 0, -9.81,0, 0, 0.00204704,0.00503856, -0.999987, 0
2310,0, 0, -9.81,0, 0, 0.00204704,0.00504879, -0.999987, 0
2315,0, 0, -9.81,0, 0, 0.00204704,0.00505903, -0.999987, 0
2320,0, 0, -9.81,0, 0, 0.00204704,0.00506926, -0.999987, 0
2325,0, 0, -9.81,0, 0, 0.00204704,0.0050795, -0.999987, 0
2330,0, 0, -9.81,0, 0, 0.00204704,0.00508973, -0.999987, 0
2335,0, 0, -9.81,0, 0, 0.00204704,0.00509997, -0.999987, 0
2340,0, 0, -9.81,0, 0, 0.00204704,0.0051102, -0.999987, 0
2345,0, 0, -9.81,0, 0, 0.00204704,0.00512044, -0.999987, 0
2350,0, 0, -9.81,0, 0, 0.00204704,0.00513067, -0.999987, 0
2355,0, 0, -9.81,0, 0, 0.00204704,0.00514091, -0.999987, 0
2360,0, 0, -9.81,0, 0, 0.00204704,0.00515114, -0.999987, 0
2365,0, 0, -9.81,0, 0, 0.00204704,0.00516138, -0.999987, 0
2370,0, 0, -9.81,0, 0, 0.00204704,0.00517161, -0.999987, 0
2375,0, 0, -9.81,0, 0, 0.00204704,0.00518185, -0.999987, 0
2380,0, 0, -9.81,0, 0, 0.00204704,0.00519208, -0.999987, 0
2385,0, 0, -9.81,0, 0, 0.00204704,0.00520232, -0.999986, 0
2390,0, 0, -9.81,0, 0, 0.00204704,0.00521255, -0.999986, 0
2395,0, 0, -9.81,0, 0, 0.00204704,0.00522279, -0.999986, 0
2400,0, 0, -9.81,0, 0, 0.00204704,0.00523302, -0.999986, 0
2405,0, 0, -9.81,0, 0, 0.00204704,0.00524326, -0.999986, 0
2410,0, 0, -9.81,0, 0, 0.00204704,0.00525349, -0.999986, 0
2415,0, 0, -9.81,0, 0, 0.00204704,0.00526373, -0.999986, 0
2420,0, 0, -9.81,0, 0, 0.00204704,0.00527396, -0.999986, 0
2425,0, 0, -9.81,0, 0, 0.00204704,0.0052842, -0.999986, 0
2430,0, 0, -9.81,0, 0, 0.00204704,0.00529443, -0.999986, 0
2435,0, 0, -9.81,0, 0, 0.00204704,0.00530467, -0.999986, 0
2440,0, 0, -9.81,0, 0, 0.00204704,0.0053149, -0.999986, 0
2445,0, 0, -9.81,0, 0, 0.00204704,0.00532514, -0.999986, 0
2450,0, 0, -9.81,0, 0, 0.00204704,0.00533537, -0.999986, 0
2455,0, 0, -9.81,0, 0, 0.00204704,0.00534561, -0.999986, 0
2460,0, 0, -9.81,0, 0, 0.00204704,0.00535584, -0.999986, 0
2465,0, 0, -9.81,0, 0, 0.00204704,0.00536608, -0.999986, 0
2470,0, 0, -9.81,0, 0, 0.00204704,0.00537631, -0.999986, 0
2475,0, 0, -9.81,0, 0, 0.00204704,0.00538655, -0.999985, 0
2480,0, 0, -9.81,0, 0, 0.00204704,0.00539678, -0.999985, 0
2485,0, 0, -9.81,0, 0, 0.00204704,0.00540702, -0.999985, 0
2490,0, 0, -9.81,0, 0, 0.00204704,0.00541725, -0.999985, 0
2495,0, 0, -9.81,0, 0, 0.00204704,0.00542749, -0.999985, 0
2500,0, 0, -9.81,0, 0, 0.00204704,0.00543772, -0.999985, 0
2505,0, 0, -9.81,0, 0, 0.00204704,0.00544796, -0.999985, 0
2510,0, 0, -9.81,0, 0, 0.00153544,0.00545744, -0.999985, 0
2515,0, 0, -9.81,0, 0, -0.00193292,0.005456, -0.999985, 0
2520,0, 0, -9.81,0, 0, -0.00855034,0.00542771, -0.999985, 0
2525,0, 0, -9.81,0, 0, -0.018181,0.00535725, -0.999986, 0
2530,0, 0, -9.81,0, 0, -0.018586,0.00526432, -0.999986, 0
2535,0, 0, -9.81,0, 0, -0.018586,0.00517139, -0.999987, 0
2540,0, 0, -9.81,0, 0, -0.018586,0.00507846, -0.999987, 0
2545,0, 0, -9.81,0, 0, -0.018586,0.00498553, -0.999988, 0
2550,0, 0, -9.81,0, 0, -0.018586,0.0048926, -0.999988, 0
2555,0, 0, -9.81,0, 0, -0.018586,0.00479967, -0.999988, 0
2560,0, 0, -9.81,0, 0, -0.018586,0.00470675, -0.999989, 0
2565,0, 0, -9.81,0, 0, -0.018586,0.00461382, -0.999989, 0
2570,0, 0, -9.81,0, 0, -0.018586,0.00452089, -0.99999, 0
2575,0, 0, -9.81,0, 0, -0.018586,0.00442796, -0.99999, 0
2580,0, 0, -9.81,0, 0, -0.018586,0.00433503, -0.999991, 0
2585,0, 0, -9.81,0, 0, -0.018586,0.0042421, -0.999991, 0
2590,0, 0, -9.81,0, 0, -0.018586,0.00414917, -0.999991, 0
2595,0, 0, -9.81,0, 0, -0.018586,0.00405624, -0.999992, 0
2600,0, 0, -9.81,0, 0, -0.018586,0.00396331, -0.999992, 0
2605,0, 0, -9.81,0, 0, -0.018586,0.00387038, -0.999993, 0
2610,0, 0, -9.81,0, 0, -0.018586,0.00377745, -0.999993, 0
2615,0, 0, -9.81,0, 0, -0.018586,0.00368452, -0.999993, 0
2620,0, 0, -9.81,0, 0, -0.018586,0.0035916, -0.999994, 0
2625,0, 0, -9.81,0, 0, -0.018586,0.00349867, -0.999994, 0
2630,0, 0, -9.81,0, 0, -0.018586,0.00340574, -0.999994, 0
2635,0, 0, -9.81,0, 0, -0.018586,0.00331281, -0.999995, 0
2640,0, 0, -9.81,0, 0, -0.018586,0.00321988, -0.999995, 0
2645,0, 0, -9.81,0, 0, -0.018586,0.00312695, -0.999995, 0
2650,0, 0, -9.81,0, 0, -0.018586,0.00303402, -0.999995, 0
2655,0, 0, -9.81,0, 0, -0.018586,0.00294109, -0.999996, 0
2660,0, 0, -9.81,0, 0, -0.018586,0.00284816, -0.999996, 0
2665,0, 0, -9.81,0, 0, -0.018586,0.00275523, -0.999996, 0
2670,0, 0, -9.81,0, 0, -0.018586,0.0026623, -0.999996, 0
2675,0, 0, -9.81,0, 0, -0.018586,0.00256937, -0.999997, 0
2680,0, 0, -9.81,0, 0, -0.018586,0.00247644, -0.999997, 0
2685,0, 0, -9.81,0, 0, -0.018586,0.00238351, -0.999997, 0
2690,0, 0, -9.81,0, 0, -0.018586,0.00229058, -0.999997, 0
2695,0, 0, -9.81,0, 0, -0.018586,0.00219765, -0.999998, 0
2700,0, 0, -9.81,0, 0, -0.018586,0.00210472, -0.999998, 0
2705,0, 0, -9.81,0, 0, -0.018586,0.00201179, -0.999998, 0
2710,0, 0, -9.81,0, 0, -0.018586,0.00191886, -0.999998, 0
2715,0, 0, -9.81,0, 0, -0.018586,0.00182593, -0.999998, 0
2720,0, 0, -9.81,0, 0, -0.018586,0.001733, -0.999998, 0
2725,0, 0, -9.81,0, 0, -0.018586,0.00164007, -0.999999, 0
2730,0, 0, -9.81,0, 0, -0.018586,0.00154714, -0.999999, 0
2735,0, 0, -9.81,0, 0, -0.018586,0.00145421, -0.999999, 0
2740,0, 0, -9.81,0, 0, -0.018586,0.00136128, -0.999999, 0
2745,0, 0, -9.81,0, 0, -0.018586,0.00126835, -0.999999, 0
2750,0, 0, -9.81,0, 0, -0.018586,0.00117542, -0.999999, 0
2755,0, 0, -9.81,0, 0, -0.018586,0.00108249, -0.999999, 0
2760,0, 0, -9.81,0, 0, -0.018586,0.000989562, -1, 0
2765,0, 0, -9.81,0, 0, -0.018586,0.000896632, -1, 0
2770,0, 0, -9.81,0, 0, -0.018586,0.000803702, -1, 0
2775,0, 0, -9.81,0, 0, -0.018586,0.000710772, -1, 0
2780,0, 0, -9.81,0, 0, -0.018586,0.000617842, -1, 0
2785,0, 0, -9.81,0, 0, -0.0178868,0.000526045, -1, 0
2790,0, 0, -9.81,0, 0, -0.014116,0.000446641, -1, 0
2795,0, 0, -9.81,0, 0, -0.0072087,0.000395556, -1, 0
2800,0, 0, -9.81,0, 0, 0.00269977,0.000388064, -1, 0
2805,0, 0, -9.81,0, 0, 0.00315792,0.000403853, -1, 0
2810,0, 0, -9.81,0, 0, 0.00315792,0.000419643, -1, 0
2815,0, 0, -9.81,0, 0, 0.00315792,0.000435432, -1, 0
2820,0, 0, -9.81,0, 0, 0.00315792,0.000451222, -1, 0
2825,0, 0, -9.81,0, 0, 0.00315792,0.000467012, -1, 0
2830,0, 0, -9.81,0, 0, 0.00315792,0.000482801, -1, 0
2835,0, 0, -9.81,0, 0, 0.00315792,0.000498591, -1, 0
2840,0, 0, -9.81,0, 0, 0.00315792,0.00051438, -1, 0
2845,0, 0, -9.81,0, 0, 0.00315792,0.00053017, -1, 0
2850,0, 0, -9.81,0, 0, 0.00315792,0.00054596, -1, 0
2855,0, 0, -9.81,0, 0, 0.00315792,0.000561749, -1, 0
2860,0, 0, -9.81,0, 0, 0.00315792,0.000577539, -1, 0
2865,0, 0, -9.81,0, 0, 0.00315792,0.000593328, -1, 0
2870,0, 0, -9.81,0, 0, 0.00315792,0.000609118, -1, 0
2875,0, 0, -9.81,0, 0, 0.00315792,0.000624908, -1, 0
2880,0, 0, -9.81,0, 0, 0.00315792,0.000640697, -1, 0
2885,0, 0, -9.81,0, 0, 0.00315792,0.000656487, -1, 0
2890,0, 0, -9.81,0, 0, 0.00315792,0.000672276, -1, 0
2895,0, 0, -9.81,0, 0, 0.00315792,0.000688066, -1, 0
2900,0, 0, -9.81,0, 0, 0.00315792,0.000703856, -1, 0
2905,0, 0, -9.81,0, 0, 0.00315792,0.000719645, -1, 0
2910,0, 0, -9.81,0, 0, 0.00315792,0.000735435, -1, 0
2915,0, 0, -9.81,0, 0, 0.00315792,0.000751224, -1, 0
2920,0, 0, -9.81,0, 0, 0.00315792,0.000767014, -1, 0
2925,0, 0, -9.81,0, 0, 0.00315792,0.000782804, -1, 0
2930,0, 0, -9.81,0, 0, 0.00315792,0.000798593, -1, 0
2935,0, 0, -9.81,0, 0, 0.00315792,0.000814383, -1, 0
2940,0, 0, -9.81,0, 0, 0.00315792,0.000830172, -1, 0
2945,0, 0, -9.81,0, 0, 0.00315792,0.000845962, -1, 0
2950,0, 0, -9.81,0, 0, 0.00315792,0.000861752, -1, 0
2955,0, 0, -9.81,0, 0, 0.00315792,0.000877541, -1, 0
2960,0, 0, -9.81,0, 0, 0.00315792,0.000893331, -1, 0
2965,0, 0, -9.81,0, 0, 0.00315792,0.00090912, -1, 0
2970,0, 0, -9.81,0, 0, 0.00315792,0.00092491, -1, 0
2975,0, 0, -9.81,0, 0, 0.00315792,0.0009407, -1, 0
2980,0, 0, -9.81,0, 0, 0.00315792,0.000956489, -1, 0
2985,0, 0, -9.81,0, 0, 0.00315792,0.000972279, -1, 0
2990,0, 0, -9.81,0, 0, 0.00315792,0.000988068, -1, 0
2995,0, 0, -9.81,0, 0, 0.00315792,0.00100386, -0.999999, 0
3000,0, 0, -9.81,0, 0, 0.00315792,0.00101965, -0.999999, 0
3005,0, 0, -9.81,0, 0, 0.00315792,0.00103544, -0.999999, 0
3010,0, 0, -9.81,0, 0, 0.00315792,0.00105123, -0.999999, 0
3015,0, 0, -9.81,0, 0, 0.00315792,0.00106702, -0.999999, 0
3020,0, 0, -9.81,0, 0, 0.00315792,0.00108281, -0.999999, 0
3025,0, 0, -9.81,0, 0, 0.00315792,0.0010986, -0.999999, 0
3030,0, 0, -9.81,0, 0, 0.00315792,0.00111439, -0.999999, 0
3035,0, 0, -9.81,0, 0, 0.00315792,0.00113017, -0.999999, 0
3040,0, 0, -9.81,0, 0, 0.00315792,0.00114596, -0.999999, 0
3045,0, 0, -9.81,0, 0, 0.00315792,0.00116175, -0.999999, 0
3050,0, 0, -9.81,0, 0, 0.00315792,0.00117754, -0.999999, 0
3055,0, 0, -9.81,0, 0, 0.00315792,0.00119333, -0.999999, 0
3060,0, 0, -9.81,0, 0, 0.00250473,0.00120808, -0.999999, 0
3065,0, 0, -9.81,0, 0, -0.00118859,0.00121081, -0.999999, 0
3070,0, 0, -9.81,0, 0, -0.00801757,0.0011856, -0.999999, 0
3075,0, 0, -9.81,0, 0, -0.00801757,0.00114552, -0.999999, 0
3080,0, 0, -9.81,0, 0, -0.00801757,0.00110543, -0.999999, 0
3085,0, 0, -9.81,0, 0, -0.00801757,0.00106534, -0.999999, 0
3090,0, 0, -9.81,0, 0, -0.00801757,0.00102525, -0.999999, 0
3095,0, 0, -9.81,0, 0, -0.00801757,0.000985165, -1, 0
3100,0, 0, -9.81,0, 0, -0.00801757,0.000945077, -1, 0
3105,0, 0, -9.81,0, 0, -0.00801757,0.000904989, -1, 0
3110,0, 0, -9.81,0, 0, -0.00801757,0.000864902, -1, 0
3115,0, 0, -9.81,0, 0, -0.00801757,0.000824814, -1, 0
3120,0, 0, -9.81,0, 0, -0.00801757,0.000784726, -1, 0
3125,0, 0, -9.81,0, 0, -0.00801757,0.000744638, -1, 0
3130,0, 0, -9.81,0, 0, -0.00801757,0.00070455, -1, 0
3135,0, 0, -9.81,0, 0, -0.00801757,0.000664463, -1, 0
3140,0, 0, -9.81,0, 0, -0.00801757,0.000624375, -1, 0
3145,0, 0, -9.81,0, 0, -0.00801757,0.000584287, -1, 0
3150,0, 0, -9.81,0, 0, -0.00801757,0.000544199, -1, 0
3155,0, 0, -9.81,0, 0, -0.00801757,0.000504111, -1, 0
3160,0, 0, -9.81,0, 0, -0.00801757,0.000464023, -1, 0
3165,0, 0, -9.81,0, 0, -0.00801757,0.000423935, -1, 0
3170,0, 0, -9.81,0, 0, -0.00801757,0.000383848, -1, 0
3175,0, 0, -9.81,0, 0, -0.00801757,0.00034376, -1, 0
3180,0, 0, -9.81,0, 0, -0.00801757,0.000303672, -1, 0
3185,0, 0, -9.81,0, 0, -0.00801757,0.000263584, -1, 0
3190,0, 0, -9.81,0, 0, -0.00801757,0.000223496, -1, 0
3195,0, 0, -9.81,0, 0, -0.00801757,0.000183408, -1, 0
3200,0, 0, -9.81,0, 0, -0.00801757,0.000143321, -1, 0
3205,0, 0, -9.81,0, 0, -0.00801757,0.000103233, -1, 0
3210,0, 0, -9.81,0, 0, -0.00801757,6.31449e-05, -1, 0
3215,0, 0, -9.81,0, 0, -0.00801757,2.30571e-05, -1, 0
3220,0, 0, -9.81,0, 0, -0.00801757,-1.70308e-05, -1, 0
3225,0, 0, -9.81,0, 0, -0.00801757,-5.71186e-05, -1, 0
3230,0, 0, -9.81,0, 0, -0.00801757,-9.72065e-05, -1, 0
3235,0, 0, -9.81,0, 0, -0.00801757,-0.000137294, -1, 0
3240,0, 0, -9.81,0, 0, -0.00801757,-0.000177382, -1, 0
3245,0, 0, -9.81,0, 0, -0.00801757,-0.00021747, -1, 0
3250,0, 0, -9.81,0, 0, -0.00801757,-0.000257558, -1, 0
3255,0, 0, -9.81,0, 0, -0.00801757,-0.000297646, -1, 0
3260,0, 0, -9.81,0, 0, -0.00801757,-0.000337734, -1, 0
3265,0, 0, -9.81,0, 0, -0.00801757,-0.000377821, -1, 0
3270,0, 0, -9.81,0, 0, -0.00801757,-0.000417909, -1, 0
3275,0, 0, -9.81,0, 0, -0.00801757,-0.000457997, -1, 0
3280,0, 0, -9.81,0, 0, -0.00801757,-0.000498085, -1, 0
3285,0, 0, -9.81,0, 0, -0.00801757,-0.000538173, -1, 0
3290,0, 0, -9.81,0, 0, -0.00801757,-0.000578261, -1, 0
3295,0, 0, -9.81,0, 0, -0.00801757,-0.000618348, -1, 0
3300,0, 0, -9.81,0, 0, -0.00801757,-0.000658436, -1, 0
3305,0, 0, -9.81,0, 0, -0.00801757,-0.000698524, -1, 0
3310,0, 0, -9.81,0, 0, -0.00801757,-0.000738612, -1, 0
3315,0, 0, -9.81,0, 0, -0.00801757,-0.0007787, -1, 0
3320,0, 0, -9.81,0, 0, -0.00801757,-0.000818788, -1, 0
3325,0, 0, -9.81,0, 0, -0.00801757,-0.000858875, -1, 0
3330,0, 0, -9.81,0, 0, -0.00721661,-0.000897625, -1, 0
3335,0, 0, -9.81,0, 0, -0.00328478,-0.000923191, -1, 0
3340,0, 0, -9.81,0, 0, 0.00377393,-0.000919662, -1, 0
3345,0, 0, -9.81,0, 0, 0.00377393,-0.000900793, -1, 0
3350,0, 0, -9.81,0, 0, 0.00377393,-0.000881923, -1, 0
3355,0, 0, -9.81,0, 0, 0.00377393,-0.000863054, -1, 0
3360,0, 0, -9.81,0, 0, 0.00377393,-0.000844184, -1, 0
3365,0, 0, -9.81,0, 0, 0.00377393,-0.000825314, -1, 0
3370,0, 0, -9.81,0, 0, 0.00377393,-0.000806445, -1, 0
3375,0, 0, -9.81,0, 0, 0.00377393,-0.000787575, -1, 0
3380,0, 0, -9.81,0, 0, 0.00377393,-0.000768705, -1, 0
3385,0, 0, -9.81,0, 0, 0.00377393,-0.000749836, -1, 0
3390,0, 0, -9.81,0, 0, 0.00377393,-0.000730966, -1, 0
3395,0, 0, -9.81,0, 0, 0.00377393,-0.000712096, -1, 0
3400,0, 0, -9.81,0, 0, 0.00377393,-0.000693227, -1, 0
3405,0, 0, -9.81,0, 0, 0.00377393,-0.000674357, -1, 0
3410,0, 0, -9.81,0, 0, 0.00377393,-0.000655487, -1, 0
3415,0, 0, -9.81,0, 0, 0.00377393,-0.000636618, -1, 0
3420,0, 0, -9.81,0, 0, 0.00377393,-0.000617748, -1, 0
3425,0, 0, -9.81,0, 0, 0.00377393,-0.000598879, -1, 0
3430,0, 0, -9.81,0, 0, 0.00377393,-0.000580009, -1, 0
3435,0, 0, -9.81,0, 0, 0.00377393,-0.000561139, -1, 0
3440,0, 0, -9.81,0, 0, 0.00377393,-0.00054227, -1, 0
3445,0, 0, -9.81,0, 0, 0.00377393,-0.0005234, -1, 0
3450,0, 0, -9.81,0, 0, 0.00377393,-0.00050453, -1, 0
3455,0, 0, -9.81,0, 0, 0.00377393,-0.000485661, -1, 0
3460,0, 0, -9.81,0, 0, 0.00377393,-0.000466791, -1, 0
3465,0, 0, -9.81,0, 0, 0.00377393,-0.000447921, -1, 0
3470,0, 0, -9.81,0, 0, 0.00377393,-0.000429052, -1, 0
3475,0, 0, -9.81,0, 0, 0.00377393,-0.000410182, -1, 0
3480,0, 0, -9.81,0, 0, 0.00377393,-0.000391313, -1, 0
3485,0, 0, -9.81,0, 0, 0.00377393,-0.000372443, -1, 0
3490,0, 0, -9.81,0, 0, 0.00377393,-0.000353573, -1, 0
3495,0, 0, -9.81,0, 0, 0.00377393,-0.000334704, -1, 0
3500,0, 0, -9.81,0, 0, 0.00377393,-0.000315834, -1, 0
3505,0, 0, -9.81,0, 0, 0.00377393,-0.000296964, -1, 0
3510,0, 0, -9.81,0, 0, 0.00377393,-0.000278095, -1, 0
3515,0, 0, -9.81,0, 0, 0.00377393,-0.000259225, -1, 0
3520,0, 0, -9.81,0, 0, 0.00377393,-0.000240355, -1, 0
3525,0, 0, -9.81,0, 0, 0.00377393,-0.000221486, -1, 0
3530,0, 0, -9.81,0, 0, 0.00377393,-0.000202616, -1, 0
3535,0, 0, -9.81,0, 0, 0.00377393,-0.000183746, -1, 0
3540,0, 0, -9.81,0, 0, 0.00377393,-0.000164877, -1, 0
3545,0, 0, -9.81,0, 0, 0.00377393,-0.000146007, -1, 0
3550,0, 0, -9.81,0, 0, 0.00377393,-0.000127138, -1, 0
3555,0, 0, -9.81,0, 0, 0.00377393,-0.000108268, -1, 0
3560,0, 0, -9.81,0, 0, 0.00377393,-8.93983e-05, -1, 0
3565,0, 0, -9.81,0, 0, 0.00377393,-7.05286e-05, -1, 0
3570,0, 0, -9.81,0, 0, 0.00377393,-5.1659e-05, -1, 0
3575,0, 0, -9.81,0, 0, 0.00377393,-3.27893e-05, -1, 0
3580,0, 0, -9.81,0, 0, 0.00377393,-1.39197e-05, -1, 0
3585,0, 0, -9.81,0, 0, 0.00377393,4.94994e-06, -1, 0
3590,0, 0, -9.81,0, 0, 0.00377393,2.38196e-05, -1, 0
3595,0, 0, -9.81,0, 0, 0.00377393,4.26892e-05, -1, 0
3600,0, 0, -9.81,0, 0, 0.00300755,6.02907e-05, -1, 0
3605,0, 0, -9.81,0, 0, -0.000867205,6.49825e-05, -1, 0
3610,0, 0, -9.81,0, 0, -0.000867205,6.06465e-05, -1, 0
3615,0, 0, -9.81,0, 0, -0.000867205,5.63105e-05, -1, 0
3620,0, 0, -9.81,0, 0, -0.000867205,5.19744e-05, -1, 0
3625,0, 0, -9.81,0, 0, -0.000867205,4.76384e-05, -1, 0
3630,0, 0, -9.81,0, 0, -0.000867205,4.33024e-05, -1, 0
3635,0, 0, -9.81,0, 0, -0.000867205,3.89664e-05, -1, 0
3640,0, 0, -9.81,0, 0, -0.000867205,3.46304e-05, -1, 0
3645,0, 0, -9.81,0, 0, -0.000867205,3.02943e-05, -1, 0
3650,0, 0, -9.81,0, 0, -0.000867205,2.59583e-05, -1, 0
3655,0, 0, -9.81,0, 0, -0.000867205,2.16223e-05, -1, 0
3660,0, 0, -9.81,0, 0, -0.000867205,1.72863e-05, -1, 0
3665,0, 0, -9.81,0, 0, -0.000867205,1.29502e-05, -1, 0
3670,0, 0, -9.81,0, 0, -0.000867205,8.61421e-06, -1, 0
3675,0, 0, -9.81,0, 0, -0.000867205,4.27819e-06, -1, 0
3680,0, 0, -9.81,0, 0, -0.000867205,-5.78355e-08, -1, 0
3685,0, 0, -9.81,0, 0, -0.000867205,-4.39386e-06, -1, 0
3690,0, 0, -9.81,0, 0, -0.000867205,-8.72988e-06, -1, 0
3695,0, 0, -9.81,0, 0, -0.000867205,-1.30659e-05, -1, 0
3700,0, 0, -9.81,0, 0, -0.000867205,-1.74019e-05, -1, 0
3705,0, 0, -9.81,0, 0, -0.000867205,-2.1738e-05, -1, 0
3710,0, 0, -9.81,0, 0, -0.000867205,-2.6074e-05, -1, 0
3715,0, 0, -9.81,0, 0, -0.000867205,-3.041e-05, -1, 0
3720,0, 0, -9.81,0, 0, -0.000867205,-3.4746e-05, -1, 0
3725,0, 0, -9.81,0, 0, -0.000867205,-3.9082e-05, -1, 0
3730,0, 0, -9.81,0, 0, -0.000867205,-4.34181e-05, -1, 0
3735,0, 0, -9.81,0, 0, -0.000867205,-4.77541e-05, -1, 0
3740,0, 0, -9.81,0, 0, -0.000867205,-5.20901e-05, -1, 0
3745,0, 0, -9.81,0, 0, -0.000867205,-5.64261e-05, -1, 0
3750,0, 0, -9.81,0, 0, -0.000867205,-6.07622e-05, -1, 0
3755,0, 0, -9.81,0, 0, -0.000867205,-6.50982e-05, -1, 0
3760,0, 0, -9.81,0, 0, -0.000867205,-6.94342e-05, -1, 0
3765,0, 0, -9.81,0, 0, -0.000867205,-7.37702e-05, -1, 0
3770,0, 0, -9.81,0, 0, -0.000867205,-7.81063e-05, -1, 0
3775,0, 0, -9.81,0, 0, -0.000867205,-8.24423e-05, -1, 0
3780,0, 0, -9.81,0, 0, -0.000867205,-8.67783e-05, -1, 0
3785,0, 0, -9.81,0, 0, -0.000867205,-9.11143e-05, -1, 0
3790,0, 0, -9.81,0, 0, -0.000867205,-9.54504e-05, -1, 0
3795,0, 0, -9.81,0, 0, -0.000867205,-9.97864e-05, -1, 0
3800,0, 0, -9.81,0, 0, -0.000867205,-0.000104122, -1, 0
3805,0, 0, -9.81,0, 0, -0.000867205,-0.000108458, -1, 0
3810,0, 0, -9.81,0, 0, -0.000867205,-0.000112794, -1, 0
3815,0, 0, -9.81,0, 0, -0.000867205,-0.00011713, -1, 0
3820,0, 0, -9.81,0, 0, -0.000867205,-0.000121466, -1, 0
3825,0, 0, -9.81,0, 0, -0.000867205,-0.000125803, -1, 0
3830,0, 0, -9.81,0, 0, -0.000867205,-0.000130139, -1, 0
3835,0, 0, -9.81,0, 0, -0.000867205,-0.000134475, -1, 0
3840,0, 0, -9.81,0, 0, -0.000867205,-0.000138811, -1, 0
3845,0, 0, -9.81,0, 0, -0.000867205,-0.000143147, -1, 0
3850,0, 0, -9.81,0, 0, -0.000867205,-0.000147483, -1, 0
3855,0, 0, -9.81,0, 0, -0.000867205,-0.000151819, -1, 0
3860,0, 0, -9.81,0, 0, -0.000867205,-0.000156155, -1, 0
3865,0, 0, -9.81,0, 0, 6.42949e-05,-0.000158889, -1, 0
3870,0, 0, -9.81,0, 0, 0.00414992,-0.000147584, -1, 0
3875,0, 0, -9.81,0, 0, 0.00414992,-0.000126835, -1, 0
3880,0, 0, -9.81,0, 0, 0.00414992,-0.000106085, -1, 0
3885,0, 0, -9.81,0, 0, 0.00414992,-8.53356e-05, -1, 0
3890,0, 0, -9.81,0, 0, 0.00414992,-6.4586e-05, -1, 0
3895,0, 0, -9.81,0, 0, 0.00414992,-4.38364e-05, -1, 0
3900,0, 0, -9.81,0, 0, 0.00414992,-2.30868e-05, -1, 0
3905,0, 0, -9.81,0, 0, 0.00414992,-2.33724e-06, -1, 0
3910,0, 0, -9.81,0, 0, 0.00414992,1.84124e-05, -1, 0
3915,0, 0, -9.81,0, 0, 0.00414992,3.91619e-05, -1, 0
3920,0, 0, -9.81,0, 0, 0.00414992,5.99115e-05, -1, 0
3925,0, 0, -9.81,0, 0, 0.00414992,8.06611e-05, -1, 0
3930,0, 0, -9.81,0, 0, 0.00414992,0.000101411, -1, 0
3935,0, 0, -9.81,0, 0, 0.00414992,0.00012216, -1, 0
3940,0, 0, -9.81,0, 0, 0.00414992,0.00014291, -1, 0
3945,0, 0, -9.81,0, 0, 0.00414992,0.00016366, -1, 0
3950,0, 0, -9.81,0, 0, 0.00414992,0.000184409, -1, 0
3955,0, 0, -9.81,0, 0, 0.00414992,0.000205159, -1, 0
3960,0, 0, -9.81,0, 0, 0.00414992,0.000225908, -1, 0
3965,0, 0, -9.81,0, 0, 0.00414992,0.000246658, -1, 0
3970,0, 0, -9.81,0, 0, 0.00414992,0.000267407, -1, 0
3975,0, 0, -9.81,0, 0, 0.00414992,0.000288157, -1, 0
3980,0, 0, -9.81,0, 0, 0.00414992,0.000308907, -1, 0
3985,0, 0, -9.81,0, 0, 0.00414992,0.000329656, -1, 0
3990,0, 0, -9.81,0, 0, 0.00414992,0.000350406, -1, 0
3995,0, 0, -9.81,0, 0, 0.00414992,0.000371155, -1, 0
4000,0, 0, -9.81,0, 0, 0.00414992,0.000391905, -1, 0
4005,0, 0, -9.81,0, 0, 0.00414992,0.000412655, -1, 0
4010,0, 0, -9.81,0, 0, 0.00414992,0.000433404, -1, 0
